0 -> [1, 3, 7, 119, 24, 56, 120, 10, 90, 12, 14, 111]
1 -> [0, 2, 148, 164, 101, 103, 11, 107, 91, 13, 79]
2 -> [1, 34, 130, 291, 4, 132, 172, 109, 20, 21, 217, 189, 31]
3 -> [0, 240, 19, 36, 5, 101, 182, 29]
4 -> [65, 2, 34, 84, 37, 117, 6, 134, 249, 26, 28]
5 -> [80, 242, 3, 53, 9, 30]
6 -> [129, 225, 18, 146, 115, 4, 118, 8, 248, 218]
7 -> [0, 16, 35, 195, 167, 231, 41, 93, 157, 15]
8 -> [33, 6, 218, 59, 29]
9 -> [112, 162, 5, 55, 43, 124]
10 -> [0, 104, 27]
11 -> [1, 261, 105, 285, 95]
12 -> [0, 272, 32, 100, 23]
13 -> [1, 17, 161, 148, 132, 282]
14 -> [0, 102, 230, 246, 105]
15 -> [115, 197, 7, 56, 280, 25, 139, 155, 283]
16 -> [7, 121]
17 -> [69, 13, 125]
18 -> [66, 195, 244, 6, 22, 54]
19 -> [3, 170, 95]
20 -> [2, 121, 286]
21 -> [32, 128, 49, 2, 294, 219, 44, 286, 254, 30]
22 -> [18, 182, 248]
23 -> [181, 230, 40, 59, 12]
24 -> [0, 52, 74, 205]
25 -> [48, 49, 65, 131, 15, 271]
26 -> [226, 99, 4, 165, 197, 183, 57, 89, 188]
27 -> [129, 71, 152, 10, 92, 189]
28 -> [130, 291, 4, 61, 77, 158]
29 -> [3, 184, 8]
30 -> [34, 5, 21, 106, 93]
31 -> [2, 169, 45]
32 -> [243, 68, 21, 38, 73, 298, 12, 44]
33 -> [145, 8, 72, 60, 188, 47]
34 -> [2, 50, 4, 120, 30, 46]
35 -> [146, 7, 280, 92, 47]
36 -> [3, 51, 39, 200, 286]
37 -> [4, 233]
38 -> [32, 82, 87, 105, 46]
39 -> [240, 113, 98, 36]
40 -> [114, 23, 263, 223]
41 -> [100, 101, 7, 42]
42 -> [64, 66, 41, 286]
43 -> [132, 181, 9, 297]
44 -> [240, 32, 21, 75, 174]
45 -> [72, 136, 94, 31, 127]
46 -> [192, 34, 292, 165, 38, 122, 282, 285, 79]
47 -> [33, 35, 70, 265, 203, 110]
48 -> [66, 104, 25, 126]
49 -> [50, 21, 295, 201, 25, 155, 108]
50 -> [49, 177, 34, 164, 221]
51 -> [97, 36, 134, 73]
52 -> [24, 63]
53 -> [5, 245, 265, 271]
54 -> [18]
55 -> [211, 86, 9, 76, 77]
56 -> [0, 99, 147, 131, 69, 215, 232, 58, 268, 15]
57 -> [65, 67, 278, 26]
58 -> [288, 135, 56, 250, 219, 62]
59 -> [96, 179, 23, 8]
60 -> [33, 150, 78]
61 -> [193, 68, 103, 28]
62 -> [177, 167, 58]
63 -> [147, 52, 276]
64 -> [145, 83, 42, 221, 253, 271, 191]
65 -> [83, 243, 4, 57, 25, 156]
66 -> [48, 81, 18, 85, 71, 42, 204, 287]
67 -> [57]
68 -> [32, 130, 234, 61, 254, 207]
69 -> [225, 17, 273, 149, 56, 173]
70 -> [196, 206, 47]
71 -> [66, 73, 27]
72 -> [145, 33, 45, 174, 254, 207]
73 -> [32, 51, 71]
74 -> [24]
75 -> [84, 296, 44]
76 -> [134, 55]
77 -> [144, 80, 101, 55, 202, 28]
78 -> [229, 151, 295, 60, 126]
79 -> [1, 82, 205, 46, 127]
80 -> [128, 178, 5, 250, 91, 77]
81 -> [272, 66, 262, 295, 191]
82 -> [209, 131, 38, 88, 299, 268, 79]
83 -> [64, 65, 198, 123]
84 -> [4, 298, 75]
85 -> [66, 236]
86 -> [288, 257, 290, 55]
87 -> [212, 38, 200, 253]
88 -> [82, 133, 214, 247, 138]
89 -> [242, 280, 26, 251, 140, 111]
90 -> [0, 163, 263, 184]
91 -> [80, 160, 1, 130, 186, 191]
92 -> [96, 208, 35, 166, 295, 263, 27, 269, 157]
93 -> [289, 98, 130, 116, 7, 139, 30]
94 -> [274, 116, 216, 45, 125, 109, 287]
95 -> [19, 247, 11, 172]
96 -> [59, 92, 188]
97 -> [51, 267]
98 -> [113, 39, 280, 138, 235, 93, 158]
99 -> [56, 153, 26, 270]
100 -> [162, 41, 12, 157]
101 -> [1, 3, 41, 77]
102 -> [179, 149, 153, 14]
103 -> [1, 178, 162, 121, 61, 158]
104 -> [48, 216, 10, 174]
105 -> [38, 266, 11, 14]
106 -> [157, 30]
107 -> [1, 136]
108 -> [49, 291]
109 -> [2, 295, 185, 94]
110 -> [273, 263, 170, 139, 237, 47, 175]
111 -> [0, 258, 89, 235]
112 -> [176, 182, 168, 9]
113 -> [98, 117, 39, 251, 143]
114 -> [40, 141, 237]
115 -> [6, 15]
116 -> [93, 94]
117 -> [113, 4, 261, 204, 159]
118 -> [6, 235]
119 -> [0]
120 -> [0, 129, 34, 280, 153, 156, 253, 173]
121 -> [16, 289, 20, 103, 239]
122 -> [247, 46]
123 -> [129, 83]
124 -> [277, 9, 207]
125 -> [17, 94]
126 -> [48, 235, 78]
127 -> [249, 45, 221, 79]
128 -> [80, 21]
129 -> [148, 6, 120, 123, 27]
130 -> [2, 68, 261, 232, 137, 91, 28, 93]
131 -> [82, 56, 25]
132 -> [2, 230, 43, 13, 158]
133 -> [88]
134 -> [177, 51, 4, 76, 270]
135 -> [293, 264, 58]
136 -> [245, 229, 247, 107, 45, 142]
137 -> [130, 202]
138 -> [98, 88, 238]
139 -> [292, 93, 110, 15]
140 -> [229, 278, 89]
141 -> [114, 178, 180, 265, 171, 269, 255]
142 -> [136]
143 -> [113, 194, 212, 155]
144 -> [77, 254]
145 -> [288, 64, 33, 72]
146 -> [256, 35, 149, 6]
147 -> [192, 56, 154, 63]
148 -> [129, 1, 179, 13]
149 -> [274, 146, 293, 69, 102, 246]
150 -> [211, 183, 60]
151 -> [288, 274, 169, 250, 78]
152 -> [201, 27, 190]
153 -> [163, 99, 102, 120]
154 -> [147, 227, 297]
155 -> [240, 49, 227, 205, 15, 143]
156 -> [65, 194, 120]
157 -> [162, 100, 7, 201, 106, 92]
158 -> [98, 132, 103, 28, 189]
159 -> [117]
160 -> [91]
161 -> [13]
162 -> [100, 103, 9, 236, 157]
163 -> [153, 90]
164 -> [1, 50, 286]
165 -> [263, 26, 46]
166 -> [193, 92]
167 -> [262, 7, 62]
168 -> [112, 297]
169 -> [246, 151, 31]
170 -> [19, 187, 110]
171 -> [291, 141]
172 -> [225, 2, 199, 231, 95]
173 -> [69, 214, 120]
174 -> [240, 72, 104, 187, 44]
175 -> [294, 110, 206]
176 -> [112, 238]
177 -> [50, 134, 186, 62]
178 -> [80, 279, 103, 268, 141]
179 -> [256, 210, 148, 102, 59]
180 -> [141, 270]
181 -> [213, 23, 43]
182 -> [112, 3, 22, 235]
183 -> [192, 277, 150, 26, 220]
184 -> [260, 90, 29]
185 -> [294, 109]
186 -> [177, 210, 198, 201, 91]
187 -> [170, 204, 252, 174]
188 -> [96, 33, 195, 246, 265, 26]
189 -> [2, 27, 158]
190 -> [293, 199, 152]
191 -> [64, 81, 243, 91]
192 -> [147, 183, 247, 46]
193 -> [166, 296, 61]
194 -> [288, 276, 218, 156, 222, 143]
195 -> [18, 7, 263, 215, 188]
196 -> [70]
197 -> [241, 26, 15]
198 -> [83, 186]
199 -> [227, 281, 172, 190]
200 -> [243, 36, 87, 248, 221]
201 -> [49, 152, 186, 219, 157]
202 -> [137, 77]
203 -> [244, 47]
204 -> [66, 117, 187]
205 -> [259, 24, 155, 79]
206 -> [277, 70, 175]
207 -> [68, 72, 220, 124]
208 -> [92]
209 -> [82, 275]
210 -> [179, 186]
211 -> [229, 150, 55, 216, 284, 221]
212 -> [87, 218, 266, 143]
213 -> [224, 181]
214 -> [88, 173]
215 -> [273, 195, 56]
216 -> [211, 228, 104, 219, 94]
217 -> [257, 2, 227, 231]
218 -> [194, 212, 6, 8]
219 -> [21, 216, 201, 58]
220 -> [183, 284, 207]
221 -> [64, 50, 211, 200, 127]
222 -> [194]
223 -> [40]
224 -> [213, 270]
225 -> [257, 69, 6, 172]
226 -> [26]
227 -> [199, 263, 217, 154, 155]
228 -> [243, 216, 284]
229 -> [211, 136, 140, 78]
230 -> [132, 23, 14]
231 -> [7, 217, 172]
232 -> [130, 292, 56]
233 -> [37]
234 -> [259, 68]
235 -> [98, 182, 118, 126, 111]
236 -> [162, 85]
237 -> [114, 110]
238 -> [176, 248, 138]
239 -> [121]
240 -> [3, 39, 155, 44, 174]
241 -> [197, 267]
242 -> [5, 89, 255]
243 -> [32, 65, 228, 200, 252, 254, 191]
244 -> [18, 295, 203]
245 -> [53, 136]
246 -> [149, 169, 188, 14]
247 -> [192, 88, 136, 122, 95]
248 -> [6, 22, 200, 238]
249 -> [4, 250, 127]
250 -> [80, 260, 151, 249, 58]
251 -> [288, 113, 89]
252 -> [243, 261, 187]
253 -> [64, 87, 120]
254 -> [144, 290, 243, 68, 21, 294, 72]
255 -> [242, 259, 141]
256 -> [146, 179]
257 -> [225, 86, 217]
258 -> [111]
259 -> [234, 205, 255]
260 -> [184, 250]
261 -> [288, 130, 117, 11, 252]
262 -> [81, 167, 266]
263 -> [195, 227, 165, 40, 90, 282, 92, 110]
264 -> [135]
265 -> [53, 188, 141, 47]
266 -> [275, 212, 262, 105]
267 -> [97, 241]
268 -> [82, 178, 56]
269 -> [92, 141]
270 -> [224, 99, 180, 134]
271 -> [64, 53, 25]
272 -> [81, 274, 12]
273 -> [69, 215, 283, 110]
274 -> [272, 149, 151, 94]
275 -> [209, 266]
276 -> [194, 63]
277 -> [183, 124, 206]
278 -> [57, 140]
279 -> [178, 280]
280 -> [98, 35, 279, 120, 89, 15]
281 -> [199]
282 -> [263, 13, 46]
283 -> [273, 15]
284 -> [211, 228, 220]
285 -> [11, 46]
286 -> [20, 36, 164, 21, 42]
287 -> [66, 94]
288 -> [145, 194, 261, 86, 151, 58, 251]
289 -> [121, 93]
290 -> [86, 254]
291 -> [2, 171, 108, 28]
292 -> [232, 139, 46]
293 -> [149, 135, 190]
294 -> [21, 185, 254, 175]
295 -> [81, 49, 244, 92, 109, 78]
296 -> [193, 75]
297 -> [168, 154, 43]
298 -> [32, 84]
299 -> [82]
