0 -> [304, 1, 2, 99, 148, 7, 231, 56, 41, 382]
1 -> [0, 128, 386, 3, 4, 6, 102, 10, 48, 150, 120, 248, 122, 125, 30, 127]
2 -> [0, 240, 22, 40, 29]
3 -> [1, 18, 212, 8, 24, 395]
4 -> [1, 227, 36, 5, 9, 12, 174, 47, 16, 307, 243, 187, 31]
5 -> [17, 49, 4, 37, 205, 221, 15]
6 -> [1, 376, 140]
7 -> [0, 178, 66, 147, 228, 26, 155]
8 -> [82, 3, 68, 228, 53, 168, 121, 11, 47]
9 -> [145, 4, 389, 38, 55, 88, 393, 188, 14, 62, 110]
10 -> [1, 51, 100, 200, 62]
11 -> [33, 114, 8, 57, 253, 319]
12 -> [4, 262, 136, 330, 13, 141, 46]
13 -> [179, 244, 86, 23, 58, 12, 78, 175]
14 -> [64, 65, 161, 21, 262, 328, 9, 169, 27, 107, 255]
15 -> [144, 145, 19, 5, 373, 70]
16 -> [32, 49, 4, 202]
17 -> [387, 20, 5]
18 -> [3, 339, 309, 373, 376, 76]
19 -> [195, 212, 262, 25, 201, 15]
20 -> [17, 369, 34, 342, 39, 89, 60, 126]
21 -> [241, 67, 87, 88, 14, 79]
22 -> [2, 291, 275, 127]
23 -> [320, 387, 13]
24 -> [50, 3, 343, 313]
25 -> [19, 84, 343, 299, 28, 206]
26 -> [273, 35, 38, 7, 39, 314]
27 -> [177, 74, 44, 14]
28 -> [25, 377, 42, 251, 267, 92, 316]
29 -> [193, 2, 52, 73, 59, 319]
30 -> [1, 258, 131, 134, 294, 263, 217]
31 -> [4, 116, 183, 252, 76]
32 -> [16, 91, 399]
33 -> [311, 57, 11, 334]
34 -> [20, 123]
35 -> [87, 281, 26, 365, 175]
36 -> [4]
37 -> [193, 5, 331, 109, 125, 189]
38 -> [259, 312, 248, 9, 361, 26, 43, 61]
39 -> [289, 20, 26, 111]
40 -> [2, 115, 54, 249, 237]
41 -> [0, 241, 82, 71, 185]
42 -> [72, 104, 185, 28, 45, 94]
43 -> [98, 38, 135, 75]
44 -> [311, 120, 27, 75, 123]
45 -> [66, 181, 344, 72, 42]
46 -> [113, 67, 69, 374, 183, 12]
47 -> [113, 4, 8, 157]
48 -> [1, 247]
49 -> [16, 97, 5]
50 -> [99, 246, 24, 280, 105]
51 -> [240, 194, 86, 10]
52 -> [182, 203, 29]
53 -> [327, 8, 264, 315]
54 -> [112, 225, 308, 40]
55 -> [273, 322, 200, 9, 377, 345, 138, 59]
56 -> [0, 231]
57 -> [33, 11, 349]
58 -> [352, 97, 101, 103, 124, 13, 61, 158, 63]
59 -> [290, 259, 55, 29, 333]
60 -> [20]
61 -> [210, 242, 85, 38, 137, 58, 332]
62 -> [83, 199, 9, 10]
63 -> [160, 81, 306, 67, 310, 326, 58, 106, 302, 398]
64 -> [160, 123, 14, 159, 383, 335]
65 -> [80, 372, 14]
66 -> [7, 379, 45]
67 -> [165, 21, 349, 46, 63]
68 -> [370, 132, 343, 8, 200]
69 -> [226, 390, 187, 46]
70 -> [103, 343, 156, 205, 15]
71 -> [320, 388, 41, 297]
72 -> [96, 146, 306, 152, 42, 267, 332, 45]
73 -> [153, 29, 317, 397]
74 -> [138, 27, 79, 303]
75 -> [151, 137, 43, 331, 44, 77, 255]
76 -> [18, 31]
77 -> [216, 90, 75]
78 -> [372, 215, 13, 93]
79 -> [197, 229, 21, 117, 74, 170]
80 -> [65, 333]
81 -> [324, 117, 231, 103, 398, 63]
82 -> [8, 41, 203, 239]
83 -> [96, 129, 115, 323, 214, 235, 62]
84 -> [245, 344, 25]
85 -> [337, 98, 388, 119, 297, 394, 61, 222]
86 -> [384, 51, 371, 264, 250, 13]
87 -> [35, 21, 108, 223]
88 -> [160, 98, 21, 9, 363, 365, 174, 95]
89 -> [20, 172, 158]
90 -> [114, 163, 293, 77, 205, 175]
91 -> [32, 373, 198]
92 -> [292, 28, 236]
93 -> [196, 133, 184, 250, 122, 78]
94 -> [249, 42]
95 -> [96, 88, 379, 127]
96 -> [83, 72, 95, 127]
97 -> [49, 228, 167, 58]
98 -> [368, 307, 85, 263, 88, 120, 43]
99 -> [0, 50, 155]
100 -> [129, 307, 118, 280, 137, 10]
101 -> [179, 180, 58, 154]
102 -> [1, 321, 217]
103 -> [81, 386, 70, 58]
104 -> [288, 312, 42, 141]
105 -> [384, 209, 50, 306]
106 -> [110, 63]
107 -> [376, 140, 14]
108 -> [87, 219, 188]
109 -> [37]
110 -> [176, 9, 153, 218, 106, 143]
111 -> [256, 39, 139]
112 -> [162, 54, 166, 153]
113 -> [278, 296, 378, 269, 46, 254, 47]
114 -> [260, 90, 11]
115 -> [320, 83, 356, 230, 40, 234]
116 -> [273, 200, 270, 31]
117 -> [81, 177, 312, 347, 126, 79]
118 -> [291, 100]
119 -> [276, 85]
120 -> [1, 130, 98, 44, 286]
121 -> [8, 216, 185, 377, 266, 335]
122 -> [1, 152, 93, 381, 143]
123 -> [64, 34, 149, 199, 168, 44]
124 -> [192, 146, 58]
125 -> [1, 37, 182, 346]
126 -> [20, 164, 117, 376]
127 -> [96, 1, 194, 325, 22, 328, 267, 252, 142, 95]
128 -> [1, 167, 344, 300, 220, 269]
129 -> [83, 100, 151]
130 -> [133, 120, 298, 156, 333, 222]
131 -> [290, 147, 232, 217, 171, 30]
132 -> [68, 250, 174]
133 -> [130, 213, 204, 93, 366]
134 -> [272, 152, 30, 222]
135 -> [309, 361, 43]
136 -> [195, 12, 301]
137 -> [208, 100, 171, 75, 61]
138 -> [55, 280, 74]
139 -> [111]
140 -> [322, 6, 107]
141 -> [104, 201, 12, 191]
142 -> [208, 179, 214, 285, 127]
143 -> [290, 122, 203, 110]
144 -> [259, 311, 348, 15]
145 -> [249, 9, 393, 394, 15]
146 -> [72, 124]
147 -> [177, 131, 181, 245, 150, 7, 295, 186, 173, 351]
148 -> [0, 265]
149 -> [168, 123]
150 -> [1, 147]
151 -> [288, 129, 375, 75, 381, 174]
152 -> [339, 134, 167, 72, 169, 122, 170, 395]
153 -> [112, 261, 73, 110]
154 -> [193, 101, 197, 198]
155 -> [99, 7]
156 -> [337, 130, 307, 70]
157 -> [179, 199, 279, 47]
158 -> [257, 89, 58, 218, 316, 269]
159 -> [64, 275, 269, 318, 271]
160 -> [64, 88, 299, 365, 63]
161 -> [208, 196, 170, 14]
162 -> [112, 360, 319, 367]
163 -> [90, 207]
164 -> [311, 126, 207]
165 -> [67]
166 -> [112]
167 -> [128, 97, 152, 362]
168 -> [308, 149, 8, 123, 204, 206]
169 -> [225, 181, 152, 14]
170 -> [161, 385, 152, 281, 79]
171 -> [338, 131, 137, 361]
172 -> [385, 292, 230, 89, 233, 365]
173 -> [147]
174 -> [224, 4, 132, 151, 88, 285]
175 -> [35, 90, 331, 269, 13, 206]
176 -> [219, 110, 190, 222]
177 -> [147, 117, 376, 27]
178 -> [7, 217, 201]
179 -> [211, 101, 278, 331, 157, 13, 142]
180 -> [101, 299]
181 -> [147, 169, 45]
182 -> [52, 125]
183 -> [277, 332, 46, 31]
184 -> [93, 269]
185 -> [41, 121, 42, 394, 379]
186 -> [337, 147, 212, 395, 223]
187 -> [4, 69, 238, 191]
188 -> [326, 9, 108]
189 -> [385, 356, 37]
190 -> [176, 340, 397]
191 -> [265, 187, 348, 141, 303]
192 -> [124, 220]
193 -> [37, 250, 154, 299, 29, 206]
194 -> [51, 203, 127]
195 -> [19, 136, 363]
196 -> [161, 295, 93]
197 -> [249, 154, 79]
198 -> [257, 154, 91, 364]
199 -> [200, 394, 123, 157, 62, 287]
200 -> [116, 68, 199, 55, 10]
201 -> [178, 19, 340, 283, 141]
202 -> [16]
203 -> [82, 194, 52, 143]
204 -> [133, 168, 329, 266, 238]
205 -> [387, 212, 5, 70, 90, 268, 301, 302]
206 -> [352, 241, 193, 310, 168, 25, 175]
207 -> [272, 163, 324, 164]
208 -> [161, 137, 142]
209 -> [261, 105, 284]
210 -> [358, 345, 61]
211 -> [179, 212, 278]
212 -> [3, 211, 19, 213, 229, 186, 205]
213 -> [212, 133]
214 -> [83, 228, 229, 317, 142, 351]
215 -> [299, 78]
216 -> [243, 121, 300, 77]
217 -> [178, 131, 102, 310, 30]
218 -> [110, 286, 158]
219 -> [176, 108]
220 -> [192, 128, 263, 234]
221 -> [5, 329]
222 -> [176, 130, 85, 134]
223 -> [353, 226, 293, 87, 186]
224 -> [341, 174, 271]
225 -> [54, 169, 287]
226 -> [69, 223]
227 -> [336, 4, 390, 298, 367]
228 -> [97, 214, 7, 8, 396]
229 -> [212, 214, 79]
230 -> [115, 377, 172, 332]
231 -> [0, 81, 56, 331]
232 -> [338, 131, 238]
233 -> [355, 172]
234 -> [272, 115, 341, 314, 220]
235 -> [83, 238, 239]
236 -> [352, 359, 92]
237 -> [258, 40, 252]
238 -> [232, 235, 187, 204]
239 -> [384, 82, 235]
240 -> [2, 51, 390]
241 -> [21, 375, 41, 206]
242 -> [295, 61]
243 -> [4, 216, 334]
244 -> [300, 13]
245 -> [147, 84]
246 -> [50, 393, 298]
247 -> [48, 334]
248 -> [304, 1, 321, 262, 38]
249 -> [145, 197, 374, 40, 94]
250 -> [193, 132, 86, 394, 93]
251 -> [291, 376, 28, 398]
252 -> [272, 237, 350, 31, 127]
253 -> [308, 388, 281, 378, 11]
254 -> [304, 113, 392]
255 -> [75, 14]
256 -> [358, 111]
257 -> [373, 198, 158]
258 -> [282, 298, 237, 30]
259 -> [144, 368, 38, 59, 270]
260 -> [114, 274]
261 -> [209, 153]
262 -> [274, 19, 388, 248, 12, 14]
263 -> [98, 307, 357, 220, 316, 349, 30]
264 -> [53, 86, 366]
265 -> [148, 330, 191]
266 -> [121, 204, 335]
267 -> [72, 28, 127]
268 -> [283, 205]
269 -> [128, 113, 276, 184, 158, 159, 175]
270 -> [304, 259, 116]
271 -> [224, 159]
272 -> [134, 234, 252, 207]
273 -> [116, 55, 26]
274 -> [260, 262, 375]
275 -> [22, 159]
276 -> [338, 119, 396, 269]
277 -> [183, 313, 364, 333, 382]
278 -> [113, 179, 211, 286]
279 -> [157]
280 -> [50, 100, 138, 350]
281 -> [35, 170, 253]
282 -> [258, 295]
283 -> [201, 315, 268]
284 -> [209, 357]
285 -> [142, 174]
286 -> [278, 120, 218, 378, 362, 399]
287 -> [225, 199, 300]
288 -> [151, 104]
289 -> [340, 39]
290 -> [131, 59, 143]
291 -> [118, 22, 251]
292 -> [92, 172]
293 -> [90, 223]
294 -> [305, 30]
295 -> [242, 147, 196, 282]
296 -> [113, 305, 297]
297 -> [85, 71, 296]
298 -> [258, 130, 227, 246]
299 -> [160, 193, 180, 215, 25]
300 -> [128, 244, 216, 345, 287]
301 -> [136, 205]
302 -> [205, 63]
303 -> [74, 191]
304 -> [0, 248, 363, 270, 254]
305 -> [294, 296]
306 -> [72, 105, 63]
307 -> [98, 4, 100, 263, 156]
308 -> [54, 168, 253]
309 -> [18, 135, 362]
310 -> [217, 206, 63]
311 -> [144, 33, 164, 44]
312 -> [117, 38, 104]
313 -> [277, 24]
314 -> [329, 234, 26]
315 -> [53, 327, 345, 283]
316 -> [263, 28, 158]
317 -> [336, 214, 73]
318 -> [344, 159]
319 -> [162, 362, 11, 29]
320 -> [323, 115, 342, 71, 23]
321 -> [385, 102, 248]
322 -> [55, 140]
323 -> [320, 83]
324 -> [81, 364, 207]
325 -> [127]
326 -> [330, 188, 63]
327 -> [354, 53, 315]
328 -> [14, 127]
329 -> [314, 204, 397, 221, 335]
330 -> [326, 265, 12]
331 -> [179, 37, 231, 75, 334, 175]
332 -> [230, 183, 72, 61]
333 -> [80, 130, 277, 59]
334 -> [33, 243, 247, 331]
335 -> [64, 391, 329, 121, 266]
336 -> [227, 317, 367]
337 -> [85, 186, 156]
338 -> [276, 232, 171]
339 -> [18, 152]
340 -> [289, 201, 190]
341 -> [224, 234]
342 -> [320, 20]
343 -> [384, 68, 70, 24, 25]
344 -> [128, 84, 389, 45, 318]
345 -> [210, 387, 55, 360, 315, 300]
346 -> [125]
347 -> [117]
348 -> [144, 191]
349 -> [353, 67, 263, 57]
350 -> [280, 361, 252]
351 -> [147, 214]
352 -> [368, 58, 236, 206]
353 -> [349, 223]
354 -> [327, 395]
355 -> [233, 394]
356 -> [115, 189]
357 -> [263, 284]
358 -> [256, 210]
359 -> [236]
360 -> [162, 388, 345]
361 -> [38, 135, 171, 350]
362 -> [309, 375, 167, 286, 319]
363 -> [304, 195, 88]
364 -> [324, 277, 198, 381]
365 -> [160, 35, 88, 172, 382]
366 -> [388, 133, 264, 395]
367 -> [336, 162, 227]
368 -> [352, 98, 259]
369 -> [20]
370 -> [68]
371 -> [86]
372 -> [65, 78]
373 -> [257, 18, 91, 380, 15]
374 -> [375, 249, 46]
375 -> [241, 274, 374, 151, 362]
376 -> [177, 18, 6, 251, 107, 397, 126]
377 -> [230, 55, 121, 28]
378 -> [113, 388, 379, 253, 286]
379 -> [66, 185, 378, 95]
380 -> [373]
381 -> [151, 122, 364]
382 -> [0, 277, 365]
383 -> [64]
384 -> [86, 343, 105, 239]
385 -> [321, 170, 172, 189]
386 -> [1, 103]
387 -> [17, 23, 345, 205]
388 -> [85, 262, 71, 360, 378, 253, 366]
389 -> [344, 9]
390 -> [240, 227, 69]
391 -> [396, 335]
392 -> [254]
393 -> [145, 246, 9]
394 -> [145, 355, 85, 199, 185, 250]
395 -> [354, 3, 152, 186, 366]
396 -> [276, 228, 391]
397 -> [376, 329, 73, 190]
398 -> [81, 251, 63]
399 -> [32, 286]
