0 -> [512, 1, 260, 5, 806, 551, 104, 9, 490, 203, 44, 13, 526, 80, 150, 23, 26, 506, 156, 61, 125]
1 -> [0, 49, 401, 2, 851, 564, 6, 40, 522, 123, 429]
2 -> [1, 641, 3, 547, 4, 388, 102, 198, 10, 970, 779, 751, 367, 145, 282]
3 -> [769, 2, 866, 514, 197, 8, 328, 105, 41, 11, 140, 46, 112, 145, 241, 722, 659, 692, 536, 62, 30]
4 -> [2, 931, 394, 139, 16, 18, 20, 180, 86, 182, 118, 25, 924, 157, 511]
5 -> [0, 866, 963, 678, 198, 7, 12, 972, 77, 79, 848, 304, 497, 562, 277]
6 -> [464, 1, 50, 916, 262, 312, 153, 201, 26, 538, 843, 556]
7 -> [736, 65, 5, 326, 902, 583, 104, 12, 79, 912, 727, 540, 221, 797, 829]
8 -> [3, 39, 30, 942, 334, 383, 943, 655]
9 -> [0, 355, 292, 101, 552, 77, 943, 979, 723, 787, 24, 600, 249, 634, 506]
10 -> [529, 721, 2, 754, 148, 390, 614, 42, 15]
11 -> [192, 258, 3, 106, 427, 45, 242, 21, 149, 853, 218, 573, 158]
12 -> [161, 354, 36, 5, 741, 614, 7, 232, 106, 970, 19, 22, 24, 857, 254, 31]
13 -> [0, 320, 293, 519, 777, 461, 14, 304, 633, 540, 94, 639, 671]
14 -> [65, 35, 548, 150, 680, 57, 28, 13, 254, 286, 47, 31]
15 -> [624, 17, 642, 132, 596, 54, 519, 72, 10, 299, 638, 207]
16 -> [96, 128, 83, 4, 453, 631, 151, 252, 892, 205, 447]
17 -> [963, 629, 247, 41, 891, 908, 764, 29, 15, 127, 143]
18 -> [560, 225, 353, 833, 498, 4, 212, 215, 952, 761, 428, 94]
19 -> [481, 497, 436, 854, 12, 92, 668, 894]
20 -> [547, 4, 101, 38, 842, 939, 460, 526, 146, 51, 758, 376, 26, 667, 895]
21 -> [32, 448, 515, 134, 166, 455, 393, 11, 45, 111, 370, 978, 181, 891, 30]
22 -> [786, 755, 211, 357, 117, 614, 441, 810, 27, 12, 109, 271]
23 -> [0, 420, 133, 424, 73, 554, 938, 75, 461, 144, 561, 52, 116, 373, 119, 600]
24 -> [576, 34, 389, 550, 360, 9, 234, 650, 12, 781, 142, 817, 725, 376, 95]
25 -> [688, 273, 417, 738, 4, 213, 152, 696, 664, 415, 623]
26 -> [0, 976, 467, 20, 613, 6, 520, 555, 990]
27 -> [434, 22, 536, 664, 553, 569, 315, 891, 348, 591]
28 -> [99, 563, 516, 70, 454, 681, 314, 155, 892, 172, 428, 14]
29 -> [17, 323, 869, 217, 586, 492, 205, 926, 334]
30 -> [33, 481, 674, 707, 3, 741, 421, 8, 136, 584, 490, 333, 77, 464, 849, 435, 21, 795, 511]
31 -> [178, 435, 532, 616, 456, 184, 746, 75, 12, 286, 14, 79]
32 -> [785, 21, 328, 729, 650, 842, 204, 749, 333]
33 -> [452, 549, 342, 43, 299, 604, 30]
34 -> [64, 706, 37, 714, 556, 525, 269, 112, 723, 213, 502, 24, 792, 732, 350]
35 -> [48, 288, 643, 84, 85, 936, 538, 827, 60, 14, 766]
36 -> [688, 612, 54, 998, 183, 679, 105, 555, 12, 732, 143]
37 -> [353, 34, 917, 263, 491, 603, 893, 158, 590, 703]
38 -> [96, 387, 69, 550, 172, 397, 846, 430, 20, 533, 56, 604, 255]
39 -> [290, 102, 8, 104, 458, 44, 237, 209, 310, 91, 827, 604, 447]
40 -> [576, 1, 369, 132, 117, 277, 214, 183, 844, 717]
41 -> [995, 3, 743, 72, 234, 138, 875, 398, 17, 82, 275, 436, 120, 89, 665, 668, 413, 61]
42 -> [113, 435, 167, 279, 10, 90, 459, 77]
43 -> [33, 66, 546, 136, 586, 844, 269, 594, 211, 277, 693, 87, 345]
44 -> [0, 928, 515, 195, 261, 869, 230, 39, 711, 392, 909, 78, 113, 946, 791, 891]
45 -> [673, 11, 589, 718, 527, 273, 529, 786, 53, 21, 181, 216, 959]
46 -> [929, 98, 3, 387, 613, 582, 723, 725, 85, 58, 734, 63, 255]
47 -> [67, 470, 840, 56, 121, 795, 283, 684, 525, 829, 14]
48 -> [610, 35, 67, 935, 296, 680, 584, 590, 623, 404, 148, 790, 441, 731, 124, 860, 286, 830]
49 -> [256, 1, 355, 68, 644, 935, 743, 651, 76, 205, 143, 242, 435, 889, 253, 127]
50 -> [113, 98, 6, 374, 648, 584, 635, 653]
51 -> [64, 961, 931, 103, 722, 818, 883, 20, 437, 246, 55, 632, 91]
52 -> [852, 23, 59, 123, 364, 431, 463]
53 -> [322, 108, 45, 365, 270, 782, 625, 82, 883, 121, 250, 987, 127]
54 -> [288, 979, 36, 937, 764, 15]
55 -> [994, 643, 965, 583, 520, 652, 110, 430, 527, 848, 272, 177, 51, 118, 439, 90]
56 -> [626, 387, 38, 966, 296, 937, 300, 765, 47]
57 -> [356, 517, 805, 73, 268, 653, 14, 111, 176, 882, 661, 759, 88, 762, 157]
58 -> [865, 898, 899, 99, 922, 778, 46]
59 -> [65, 194, 403, 52, 868, 165, 950, 118, 844, 350, 302]
60 -> [35, 425, 90, 267, 796, 877, 191]
61 -> [0, 162, 690, 387, 406, 134, 982, 502, 41, 859, 750, 239]
62 -> [800, 129, 818, 3, 965, 598, 806, 711, 199, 75, 940, 639]
63 -> [624, 65, 518, 556, 46, 366]
64 -> [944, 34, 179, 51, 294, 375, 760, 201, 300, 589, 367]
65 -> [752, 483, 565, 7, 410, 59, 14, 575, 799, 63]
66 -> [385, 98, 484, 392, 74, 554, 43, 651, 208, 81, 305, 628, 343, 728, 412, 508]
67 -> [48, 115, 756, 505, 891, 939, 108, 236, 220, 733, 958, 47]
68 -> [352, 816, 49, 963, 707, 486, 119, 249, 394, 634]
69 -> [145, 210, 579, 38, 695, 839, 505, 603, 701]
70 -> [432, 71, 135, 231, 599, 153, 169, 28, 830, 254]
71 -> [144, 433, 70, 966, 104, 138, 268, 335]
72 -> [321, 513, 705, 643, 712, 41, 172, 620, 813, 174, 15, 624, 217, 665, 666, 987, 315, 764, 669, 158]
73 -> [416, 993, 866, 355, 197, 202, 940, 494, 338, 23, 888, 57, 89, 637]
74 -> [66, 258, 838, 937, 460, 908, 636, 732, 492, 879]
75 -> [256, 672, 934, 136, 490, 332, 524, 461, 207, 563, 23, 220, 317, 93, 62, 31]
76 -> [160, 480, 164, 677, 518, 327, 775, 49, 150, 919, 984, 475, 223]
77 -> [851, 5, 9, 825, 42, 587, 413, 30, 958]
78 -> [870, 712, 907, 44, 365, 846, 623, 209, 468, 571, 316, 93, 349]
79 -> [336, 483, 5, 342, 7, 826, 587, 860, 269, 31, 303]
80 -> [0, 304, 976, 337, 228, 918, 200, 170, 814, 302]
81 -> [97, 513, 129, 705, 66, 259, 836, 325, 805, 229, 489, 619, 785, 822, 440, 764]
82 -> [672, 802, 451, 900, 134, 41, 970, 398, 207, 722, 53, 89, 729, 122]
83 -> [288, 961, 387, 293, 390, 266, 687, 16, 752, 944, 849, 84, 533, 759, 122]
84 -> [385, 546, 35, 841, 523, 592, 83, 372, 468, 182, 90, 91, 446]
85 -> [257, 625, 35, 420, 107, 365, 301, 46, 590]
86 -> [4, 676, 984, 408]
87 -> [225, 934, 871, 43, 380]
88 -> [835, 403, 359, 57, 953, 459, 107, 124]
89 -> [82, 274, 690, 116, 247, 41, 73, 522, 972, 189, 237]
90 -> [593, 339, 739, 84, 55, 42, 60]
91 -> [608, 100, 261, 39, 426, 718, 239, 463, 51, 84, 727, 954, 763, 284, 828, 348, 157, 798]
92 -> [434, 19, 979, 851, 825, 682, 586, 590, 302, 687, 159]
93 -> [240, 353, 962, 466, 692, 422, 631, 75, 333, 78]
94 -> [160, 640, 481, 168, 457, 298, 301, 13, 18, 502, 824, 153, 186]
95 -> [129, 193, 548, 492, 397, 721, 147, 179, 821, 119, 24, 633, 827]
96 -> [262, 38, 390, 652, 109, 654, 526, 16, 146, 628, 214, 606, 543]
97 -> [289, 130, 170, 362, 618, 524, 525, 911, 623, 81, 402, 439, 761, 409, 637]
98 -> [592, 401, 66, 50, 885, 685, 46, 126, 606]
99 -> [449, 183, 759, 602, 58, 28, 572, 332, 221, 877, 734]
100 -> [226, 850, 308, 137, 217, 91, 523, 479]
101 -> [457, 9, 426, 491, 971, 814, 978, 882, 20, 184, 313, 538, 958]
102 -> [432, 2, 900, 39, 665, 331, 444, 908, 398]
103 -> [864, 777, 939, 619, 656, 881, 51, 980, 981, 598, 854, 280, 988, 349, 895]
104 -> [0, 609, 578, 708, 164, 324, 421, 39, 7, 743, 71, 718, 366, 849, 337, 532, 374, 568, 958]
105 -> [128, 225, 706, 3, 36, 876, 173, 274, 115, 757, 630, 252, 318]
106 -> [320, 292, 648, 665, 922, 11, 987, 12, 446, 894, 734, 351]
107 -> [640, 337, 402, 322, 85, 487, 632, 88, 425, 217, 508, 957]
108 -> [67, 611, 724, 180, 53, 566, 422, 406, 712, 122, 378, 219]
109 -> [96, 576, 705, 484, 645, 264, 649, 876, 910, 240, 817, 533, 22, 407, 796]
110 -> [899, 582, 967, 266, 523, 300, 207, 689, 55, 601, 825, 250, 446]
111 -> [114, 21, 983, 297, 57, 746, 556, 445, 511, 831]
112 -> [336, 34, 274, 3, 569, 459, 140, 253, 926, 286, 223]
113 -> [50, 754, 147, 501, 519, 200, 42, 475, 715, 44, 590]
114 -> [306, 213, 934, 136, 236, 157, 111]
115 -> [226, 674, 67, 646, 105, 794, 428, 894, 559]
116 -> [384, 481, 164, 581, 325, 489, 393, 141, 272, 307, 469, 23, 760, 89, 698, 922, 890]
117 -> [387, 291, 22, 279, 40, 392, 954, 701, 270]
118 -> [4, 358, 716, 268, 588, 911, 527, 689, 180, 916, 949, 470, 55, 59]
119 -> [912, 931, 68, 23, 201, 796, 988, 95]
120 -> [608, 355, 41, 780, 332, 685, 145, 433, 535, 407, 919, 285, 287]
121 -> [256, 834, 998, 455, 647, 393, 330, 299, 814, 47, 559, 399, 53, 151, 761]
122 -> [304, 82, 83, 455, 921, 281, 762, 826, 443, 108, 589, 718]
123 -> [593, 1, 130, 834, 131, 755, 52, 742, 582, 156, 142]
124 -> [386, 898, 803, 143, 783, 48, 784, 913, 819, 308, 950, 471, 88, 991]
125 -> [0, 416, 389, 502, 454, 727, 842]
126 -> [721, 98, 198, 968, 697, 602, 140]
127 -> [545, 129, 769, 196, 612, 166, 264, 207, 623, 17, 49, 53, 694, 283, 959]
128 -> [16, 241, 133, 566, 295, 695, 105, 651, 971]
129 -> [81, 645, 965, 581, 713, 905, 857, 62, 95, 559, 127]
130 -> [97, 610, 646, 553, 941, 302, 526, 658, 756, 149, 375, 664, 123, 540, 638]
131 -> [832, 210, 898, 212, 982, 696, 985, 314, 123, 603, 605, 159]
132 -> [480, 256, 897, 353, 289, 707, 391, 40, 620, 15, 336, 561, 531, 692, 951, 251, 923, 575]
133 -> [128, 256, 769, 276, 308, 356, 23, 681, 169, 172]
134 -> [448, 977, 353, 82, 371, 21, 888, 713, 61, 606, 191, 239]
135 -> [163, 260, 804, 70, 454, 329, 362, 203, 333, 879]
136 -> [448, 465, 114, 214, 569, 778, 75, 43, 188, 30, 751, 543]
137 -> [704, 100, 228, 645, 263, 428, 237, 302, 430, 958, 446]
138 -> [672, 417, 227, 71, 168, 41, 555, 299, 622, 240, 626, 437, 215, 863]
139 -> [656, 944, 4, 740, 517, 422, 714, 827, 604, 573, 606]
140 -> [112, 322, 3, 164, 484, 199, 600, 888, 126, 943]
141 -> [240, 466, 498, 116, 500, 612, 245, 839, 185, 158]
142 -> [512, 994, 243, 181, 24, 762, 123, 187, 781, 861, 606]
143 -> [546, 36, 581, 745, 782, 144, 17, 49, 468, 373, 504, 472, 443, 124, 189]
144 -> [578, 195, 211, 803, 23, 71, 569, 955, 429, 143]
145 -> [2, 3, 773, 69, 165, 656, 305, 120, 508, 636, 765, 349, 862]
146 -> [96, 291, 808, 810, 555, 396, 941, 847, 20, 534, 662, 857, 861]
147 -> [113, 230, 506, 188, 95]
148 -> [48, 322, 898, 901, 310, 10, 604, 461, 158, 415, 543]
149 -> [130, 274, 451, 229, 677, 808, 586, 11, 493, 526, 591]
150 -> [0, 368, 945, 274, 947, 499, 484, 421, 694, 904, 76, 14]
151 -> [738, 558, 271, 367, 16, 403, 853, 121, 154, 443, 604, 478, 862]
152 -> [449, 371, 884, 213, 374, 680, 25]
153 -> [896, 70, 998, 6, 316, 94, 463]
154 -> [640, 580, 681, 428, 206, 846, 431, 912, 210, 918, 151, 953, 954, 828, 190]
155 -> [801, 484, 532, 342, 567, 360, 873, 794, 28]
156 -> [0, 212, 168, 617, 186, 474, 123, 235, 412]
157 -> [576, 930, 4, 998, 521, 874, 587, 557, 784, 848, 114, 277, 311, 951, 57, 571, 91, 540, 253]
158 -> [932, 37, 230, 327, 679, 711, 72, 11, 461, 141, 302, 976, 432, 338, 754, 659, 148, 376, 539]
159 -> [816, 657, 866, 131, 244, 389, 92, 669, 815]
160 -> [288, 370, 420, 903, 76, 94]
161 -> [995, 340, 297, 586, 602, 12, 206]
162 -> [768, 849, 695, 61, 238]
163 -> [135, 343, 474, 554, 686]
164 -> [225, 227, 773, 104, 904, 140, 588, 76, 116, 694, 409, 347, 413, 605, 382]
165 -> [807, 393, 843, 462, 271, 145, 179, 563, 59, 414, 958, 223, 575]
166 -> [752, 400, 369, 245, 21, 214, 215, 743, 872, 572, 127]
167 -> [787, 742, 390, 535, 648, 889, 42]
168 -> [817, 470, 313, 138, 171, 156, 957, 94, 431]
169 -> [977, 211, 755, 628, 133, 70]
170 -> [97, 421, 390, 999, 584, 301, 80, 787, 947, 532, 757, 183, 249]
171 -> [278, 439, 168, 793, 426, 444, 175, 191]
172 -> [592, 464, 609, 275, 932, 788, 133, 998, 38, 72, 28]
173 -> [368, 193, 274, 341, 696, 105, 251, 955, 620, 639, 719]
174 -> [320, 72, 219, 859, 319, 863]
175 -> [320, 370, 787, 181, 182, 281, 537, 378, 171, 445, 878]
176 -> [512, 996, 453, 360, 57, 745]
177 -> [256, 337, 242, 820, 710, 55, 249, 297, 812, 829, 845, 430]
178 -> [224, 594, 549, 519, 187, 411, 31]
179 -> [64, 867, 676, 165, 456, 683, 95]
180 -> [675, 4, 118, 588, 108, 685, 222, 334, 351]
181 -> [485, 21, 790, 556, 797, 45, 813, 366, 142, 175]
182 -> [801, 995, 84, 4, 344, 777, 922, 859, 703, 175]
183 -> [560, 99, 36, 341, 198, 568, 40, 170, 717, 382]
184 -> [896, 739, 101, 412, 383, 31, 911]
185 -> [992, 370, 434, 930, 324, 309, 524, 141, 511]
186 -> [227, 436, 584, 217, 156, 94, 783]
187 -> [512, 178, 499, 532, 660, 552, 233, 142]
188 -> [896, 929, 136, 910, 686, 658, 211, 147, 310, 442, 763, 605, 798]
189 -> [640, 544, 417, 772, 839, 743, 584, 426, 651, 716, 239, 143, 89, 281, 571, 670]
190 -> [292, 632, 265, 154, 332, 350, 398, 895, 239]
191 -> [321, 962, 724, 342, 134, 552, 649, 762, 171, 60, 333]
192 -> [353, 467, 499, 838, 553, 633, 11, 381, 221, 382, 350]
193 -> [530, 371, 917, 230, 395, 859, 173, 382, 95]
194 -> [338, 914, 674, 355, 596, 709, 966, 298, 59, 331, 667, 574]
195 -> [608, 449, 426, 491, 715, 44, 144, 881, 211, 563, 727, 663, 823, 217, 829]
196 -> [592, 930, 338, 275, 243, 291, 487, 651, 317, 766, 127]
197 -> [992, 801, 3, 483, 73, 938, 267, 299, 878, 782, 686, 399, 761, 476, 223]
198 -> [609, 529, 2, 756, 501, 5, 965, 230, 183, 216, 269, 126]
199 -> [976, 850, 757, 920, 233, 826, 140, 62]
200 -> [80, 113, 885, 471, 472, 875, 814]
201 -> [64, 690, 306, 243, 964, 837, 6, 119, 247, 392, 782, 303]
202 -> [224, 579, 629, 887, 872, 73, 746, 510, 302, 606, 911]
203 -> [0, 544, 291, 933, 326, 135, 423, 363, 555, 945, 977, 850, 854, 278, 343, 248, 312, 799]
204 -> [32, 752, 579, 835, 371, 499, 966, 521, 765, 270]
205 -> [16, 49, 627, 902, 841, 730, 29, 941, 926]
206 -> [833, 257, 161, 547, 420, 631, 154, 603, 974, 399, 431]
207 -> [75, 110, 591, 15, 82, 564, 437, 472, 697, 506, 861, 222, 127]
208 -> [66, 530, 994, 345, 650, 283, 829, 685]
209 -> [561, 39, 457, 841, 508, 940, 78]
210 -> [658, 131, 69, 329, 457, 154, 235, 619, 572]
211 -> [610, 258, 195, 745, 169, 43, 397, 144, 501, 22, 664, 856, 188, 894, 799]
212 -> [515, 131, 901, 263, 524, 621, 18, 627, 854, 438, 375, 633, 377, 825, 347, 156, 700, 668, 895]
213 -> [34, 578, 420, 357, 229, 936, 844, 302, 305, 114, 823, 152, 25, 670, 287]
214 -> [384, 464, 96, 166, 791, 136, 40, 361, 457, 795, 333]
215 -> [739, 259, 549, 166, 138, 972, 781, 719, 688, 18, 275, 471, 476, 222]
216 -> [419, 453, 198, 870, 231, 921, 794, 45]
217 -> [195, 995, 291, 100, 72, 107, 811, 589, 242, 276, 726, 407, 760, 186, 29]
218 -> [672, 768, 736, 884, 966, 313, 538, 11, 588, 829, 510]
219 -> [625, 950, 376, 570, 108, 174]
220 -> [992, 67, 643, 484, 486, 233, 75, 525]
221 -> [192, 99, 534, 823, 7, 824, 251, 733, 445, 335, 431, 831]
222 -> [180, 516, 215, 712, 764, 207, 879, 719]
223 -> [165, 421, 197, 391, 617, 76, 112, 944, 368, 369, 822, 535, 985, 250]
224 -> [178, 772, 868, 309, 202, 575]
225 -> [164, 741, 712, 105, 270, 782, 368, 561, 18, 759, 87, 893, 254, 927]
226 -> [384, 336, 354, 706, 115, 227, 483, 100, 660, 614, 712]
227 -> [226, 164, 294, 840, 426, 138, 239, 785, 787, 278, 503, 186, 283, 285]
228 -> [560, 80, 578, 965, 311, 137, 298, 428, 716]
229 -> [836, 998, 745, 943, 81, 530, 916, 724, 149, 277, 213, 439, 727]
230 -> [193, 610, 198, 968, 44, 656, 817, 274, 147, 789, 728, 568, 697, 313, 859, 315, 158]
231 -> [960, 865, 70, 712, 216, 666, 907, 811]
232 -> [904, 520, 763, 12, 333]
233 -> [320, 289, 545, 866, 676, 199, 584, 370, 275, 852, 187, 220, 382]
234 -> [614, 663, 695, 24, 41, 425, 601, 783]
235 -> [721, 481, 210, 852, 615, 345, 585, 874, 156, 927]
236 -> [433, 114, 434, 67, 453, 520, 505, 700, 316, 271]
237 -> [420, 710, 39, 328, 776, 137, 558, 911, 595, 313, 89, 666, 795]
238 -> [817, 162, 482, 450, 389]
239 -> [384, 259, 227, 419, 134, 807, 747, 396, 654, 819, 91, 189, 61, 190]
240 -> [625, 948, 470, 281, 553, 138, 924, 109, 93, 669, 141, 702]
241 -> [128, 3, 707, 324, 660, 281, 810]
242 -> [400, 49, 177, 964, 517, 870, 760, 217, 618, 11, 446, 511]
243 -> [771, 900, 196, 201, 970, 683, 715, 364, 893, 142]
244 -> [801, 691, 245, 359, 872, 159]
245 -> [544, 417, 244, 581, 166, 422, 856, 840, 621, 141, 286]
246 -> [289, 801, 676, 964, 742, 775, 392, 585, 555, 269, 461, 525, 51]
247 -> [544, 17, 322, 89, 201, 793, 811, 268, 958]
248 -> [256, 624, 353, 450, 915, 938, 203, 859]
249 -> [177, 68, 260, 692, 599, 951, 792, 9, 170, 651, 734]
250 -> [864, 705, 929, 626, 820, 644, 581, 53, 407, 503, 110, 223]
251 -> [132, 532, 648, 634, 173, 221]
252 -> [16, 306, 356, 278, 998, 455, 377, 105, 283, 859]
253 -> [482, 578, 867, 294, 519, 551, 553, 653, 269, 941, 112, 49, 977, 763, 157, 959]
254 -> [225, 611, 468, 613, 422, 70, 361, 12, 860, 14]
255 -> [608, 626, 933, 38, 679, 999, 345, 780, 46]
256 -> [801, 49, 177, 482, 132, 133, 838, 248, 121, 75, 571, 812]
257 -> [291, 85, 471, 567, 715, 572, 909, 206]
258 -> [674, 915, 211, 74, 11, 588, 429, 909]
259 -> [81, 707, 435, 215, 855, 698, 988, 989, 510, 894, 239, 399]
260 -> [0, 135, 391, 425, 460, 462, 687, 758, 311, 249, 794, 380, 862]
261 -> [657, 593, 706, 310, 359, 91, 44]
262 -> [96, 531, 6, 839, 760, 270]
263 -> [769, 450, 754, 212, 37, 758, 329, 137, 618, 301, 669, 846]
264 -> [785, 341, 329, 907, 109, 445, 127]
265 -> [976, 290, 514, 740, 919, 765, 989, 190, 430]
266 -> [802, 552, 969, 332, 110, 463, 593, 882, 83, 440, 473, 410, 411, 348, 861]
267 -> [336, 947, 197, 632, 297, 60, 557, 366, 751]
268 -> [513, 118, 247, 71, 760, 57, 857, 957]
269 -> [784, 321, 34, 246, 198, 379, 43, 828, 253, 79]
270 -> [225, 355, 851, 53, 709, 117, 262, 204, 589]
271 -> [608, 352, 992, 165, 459, 236, 364, 531, 22, 726, 151, 505, 445]
272 -> [915, 116, 644, 453, 55, 711, 925]
273 -> [962, 984, 25, 825, 602, 45, 543]
274 -> [112, 708, 149, 966, 150, 230, 423, 89, 105, 173, 590]
275 -> [468, 916, 196, 917, 454, 215, 391, 664, 233, 41, 364, 172]
276 -> [754, 691, 916, 133, 981, 280, 217, 795, 524, 638]
277 -> [384, 900, 229, 933, 5, 839, 40, 43, 973, 943, 721, 658, 157, 319]
278 -> [451, 227, 628, 742, 602, 171, 203, 252, 989]
279 -> [771, 612, 934, 391, 425, 42, 462, 558, 335, 847, 464, 117, 761, 954]
280 -> [449, 276, 518, 103, 649, 938, 330, 748]
281 -> [710, 489, 297, 589, 175, 240, 497, 241, 818, 499, 661, 122, 189, 735]
282 -> [2, 692, 373, 617, 701, 910]
283 -> [208, 227, 556, 252, 334, 47, 319, 127, 287]
284 -> [656, 436, 629, 486, 855, 568, 794, 91, 379, 381, 751]
285 -> [448, 674, 227, 902, 631, 120, 330, 570]
286 -> [48, 112, 433, 738, 628, 245, 310, 969, 842, 862, 14, 31]
287 -> [213, 646, 312, 120, 346, 283, 652, 589]
288 -> [160, 531, 83, 403, 771, 35, 388, 54, 602]
289 -> [97, 819, 132, 373, 246, 551, 233, 793, 380, 508, 703]
290 -> [528, 689, 676, 806, 39, 265, 314, 669]
291 -> [257, 196, 679, 360, 906, 203, 976, 146, 531, 661, 117, 630, 759, 217, 537, 986, 347, 892]
292 -> [609, 404, 9, 106, 794, 779, 190, 414]
293 -> [932, 837, 710, 551, 554, 13, 721, 83, 373, 984, 603, 637, 607]
294 -> [64, 866, 227, 868, 614, 750, 751, 752, 465, 791, 413, 829, 253]
295 -> [128, 624, 872, 554, 682, 810, 347, 621]
296 -> [48, 435, 711, 56]
297 -> [416, 161, 772, 744, 267, 396, 588, 750, 111, 177, 882, 342, 281, 505]
298 -> [433, 194, 612, 452, 228, 966, 920, 970, 94, 703, 639]
299 -> [33, 833, 804, 997, 805, 197, 138, 620, 943, 15, 529, 121, 511]
300 -> [64, 434, 405, 599, 56, 957, 110, 830, 718, 430]
301 -> [736, 321, 263, 872, 713, 170, 875, 523, 847, 624, 85, 472, 989, 318, 94]
302 -> [80, 962, 130, 213, 824, 137, 505, 202, 59, 92, 846, 158]
303 -> [480, 201, 414, 79]
304 -> [80, 320, 386, 403, 5, 423, 696, 505, 122, 587, 13]
305 -> [784, 145, 689, 338, 66, 979, 597, 213, 805, 438, 646, 797]
306 -> [321, 486, 359, 425, 201, 747, 942, 494, 591, 912, 114, 985, 252, 670, 414]
307 -> [323, 116, 374, 679]
308 -> [352, 100, 133, 837, 437, 920, 826, 124, 492, 542, 766]
309 -> [640, 224, 692, 485, 695, 185, 442, 955, 797, 431]
310 -> [992, 787, 148, 261, 39, 427, 188, 286]
311 -> [961, 626, 260, 228, 420, 901, 888, 761, 889, 396, 157]
312 -> [930, 546, 6, 602, 203, 380, 287]
313 -> [865, 994, 101, 230, 774, 391, 807, 168, 425, 461, 237, 472, 218, 957]
314 -> [897, 290, 131, 964, 582, 760, 921, 28, 828, 541, 494]
315 -> [497, 737, 661, 230, 999, 72, 697, 922, 27, 972, 974]
316 -> [867, 357, 325, 567, 153, 937, 347, 236, 78]
317 -> [466, 948, 196, 501, 856, 874, 794, 75, 844, 860, 893, 479]
318 -> [627, 105, 409, 378, 301]
319 -> [368, 656, 277, 373, 949, 329, 283, 763, 445, 174, 654, 639]
320 -> [304, 321, 914, 883, 324, 677, 233, 106, 13, 174, 175, 735]
321 -> [320, 449, 353, 354, 771, 868, 581, 72, 877, 269, 301, 973, 685, 751, 784, 306, 403, 532, 411, 191]
322 -> [737, 642, 755, 148, 53, 247, 344, 345, 586, 107, 140]
323 -> [434, 770, 307, 884, 632, 841, 524, 29, 765]
324 -> [320, 241, 913, 565, 790, 584, 104, 185, 413]
325 -> [81, 370, 675, 116, 424, 316, 636, 351]
326 -> [944, 784, 453, 598, 7, 760, 936, 954, 203, 508, 476, 975]
327 -> [528, 677, 715, 747, 76, 877, 158, 447]
328 -> [32, 418, 642, 3, 405, 966, 999, 716, 237, 590]
329 -> [353, 210, 135, 263, 264, 905, 843, 398, 319]
330 -> [736, 993, 546, 356, 420, 436, 373, 408, 280, 121, 761, 285, 766]
331 -> [465, 194, 771, 949, 102, 919, 361, 988, 924, 334]
332 -> [480, 99, 740, 453, 357, 266, 75, 689, 338, 723, 500, 120, 568, 858, 190]
333 -> [32, 866, 214, 135, 232, 793, 427, 955, 93, 30, 191]
334 -> [833, 770, 520, 8, 618, 458, 619, 331, 592, 180, 406, 888, 858, 283, 445, 29]
335 -> [896, 279, 71, 618, 347, 908, 700, 221]
336 -> [112, 226, 499, 132, 267, 79]
337 -> [104, 489, 107, 396, 367, 80, 177, 785, 913, 564, 407, 701, 958]
338 -> [305, 194, 451, 196, 455, 73, 570, 842, 332, 158]
339 -> [593, 385, 534, 729, 90, 444, 910, 366, 559]
340 -> [161, 881, 407, 428, 908, 750]
341 -> [960, 801, 678, 183, 344, 264, 444, 173, 878]
342 -> [33, 691, 964, 918, 615, 297, 155, 191, 991, 79]
343 -> [66, 626, 163, 550, 903, 203, 622, 959]
344 -> [322, 644, 341, 469, 182]
345 -> [208, 881, 322, 517, 807, 235, 43, 862, 255]
346 -> [720, 791, 551, 599, 456, 826, 619, 411, 667, 287]
347 -> [704, 897, 291, 164, 295, 903, 391, 905, 363, 429, 335, 212, 885, 954, 316]
348 -> [370, 724, 951, 649, 666, 266, 27, 91]
349 -> [432, 928, 145, 356, 103, 423, 810, 826, 492, 78]
350 -> [192, 642, 34, 996, 743, 889, 59, 190, 479]
351 -> [656, 592, 180, 325, 518, 986, 106, 747, 365]
352 -> [658, 308, 68, 949, 362, 826, 378, 429, 941, 893, 495, 271]
353 -> [192, 321, 132, 741, 37, 134, 743, 329, 651, 653, 881, 18, 248, 93]
354 -> [321, 226, 418, 12, 782]
355 -> [49, 194, 948, 838, 120, 9, 73, 270]
356 -> [133, 759, 487, 57, 330, 252, 349, 558]
357 -> [931, 997, 712, 332, 940, 687, 213, 22, 535, 663, 857, 570, 987, 316]
358 -> [640, 641, 118, 460, 621, 399, 959]
359 -> [306, 244, 261, 88, 361, 719]
360 -> [176, 291, 839, 488, 24, 155, 492, 910, 399]
361 -> [933, 214, 534, 359, 538, 970, 331, 492, 541, 254, 767]
362 -> [352, 768, 97, 820, 583, 135, 423, 761, 890]
363 -> [896, 203, 347, 571, 652]
364 -> [833, 243, 275, 52, 471, 860, 271]
365 -> [521, 617, 874, 844, 878, 78, 593, 53, 85, 374, 759, 985, 445, 351]
366 -> [704, 613, 742, 104, 267, 557, 339, 852, 692, 181, 885, 408, 442, 63]
367 -> [848, 64, 337, 2, 772, 151, 505, 793]
368 -> [225, 370, 467, 150, 729, 173, 319, 223]
369 -> [595, 581, 166, 40, 223]
370 -> [160, 803, 325, 646, 456, 233, 489, 938, 175, 368, 627, 468, 372, 21, 185, 348, 894, 574]
371 -> [193, 134, 951, 152, 632, 682, 204]
372 -> [993, 370, 403, 84, 489, 969, 666]
373 -> [289, 293, 330, 906, 554, 143, 849, 786, 498, 818, 693, 23, 282, 379, 605, 319]
374 -> [50, 307, 983, 104, 152, 649, 365, 605, 654]
375 -> [64, 577, 130, 451, 212, 522, 943]
376 -> [993, 432, 624, 20, 534, 470, 759, 631, 24, 506, 219, 797, 158, 703]
377 -> [900, 877, 401, 403, 692, 212, 566, 473, 731, 252, 670, 830, 638]
378 -> [352, 402, 426, 108, 318, 175]
379 -> [913, 373, 567, 408, 889, 284, 269]
380 -> [289, 738, 642, 260, 556, 493, 589, 496, 629, 87, 664, 312, 635]
381 -> [192, 692, 284, 636, 686, 814, 911]
382 -> [192, 576, 193, 545, 899, 164, 681, 233, 427, 589, 629, 853, 502, 183, 503, 667, 991]
383 -> [784, 849, 913, 611, 469, 823, 8, 184, 617, 635, 909, 957]
384 -> [226, 116, 277, 453, 981, 214, 427, 957, 239]
385 -> [817, 66, 339, 84, 597, 677, 511]
386 -> [560, 304, 561, 124, 589]
387 -> [545, 561, 83, 643, 117, 38, 824, 56, 602, 61, 46]
388 -> [288, 2, 500, 504, 637]
389 -> [817, 980, 823, 488, 24, 761, 553, 780, 125, 238, 159, 623]
390 -> [96, 497, 83, 167, 10, 170, 957]
391 -> [132, 260, 842, 746, 972, 527, 817, 979, 275, 853, 407, 279, 313, 635, 699, 347, 446, 223]
392 -> [66, 117, 246, 440, 201, 603, 44, 749, 622]
393 -> [880, 116, 932, 964, 21, 165, 121, 925, 509, 429]
394 -> [68, 628, 4, 740, 919, 535, 680, 504, 778, 714]
395 -> [624, 193, 913, 401, 903, 472, 409]
396 -> [337, 146, 851, 311, 297, 601, 505, 655, 719, 239]
397 -> [896, 913, 689, 211, 564, 932, 38, 855, 745, 924, 95, 687]
398 -> [944, 82, 948, 102, 41, 329, 731, 190]
399 -> [259, 197, 358, 360, 121, 891, 206, 910, 559]
400 -> [864, 449, 242, 786, 758, 166]
401 -> [1, 98, 547, 408, 377, 395, 637, 911]
402 -> [656, 736, 97, 708, 678, 378, 107, 652, 908, 509, 845, 975]
403 -> [288, 321, 834, 900, 807, 776, 304, 531, 372, 151, 88, 377, 825, 59, 956, 798, 479, 639]
404 -> [48, 544, 292, 405, 934, 632, 878]
405 -> [482, 754, 404, 709, 773, 471, 328, 300, 412, 558, 991]
406 -> [753, 610, 868, 981, 776, 443, 860, 108, 61, 334]
407 -> [417, 993, 391, 520, 616, 109, 337, 594, 340, 470, 120, 217, 250, 636, 543]
408 -> [401, 946, 836, 86, 840, 553, 330, 538, 379, 877, 366]
409 -> [849, 97, 164, 395, 763, 717, 318]
410 -> [736, 65, 930, 470, 714, 266, 910]
411 -> [321, 417, 178, 564, 901, 743, 809, 346, 266, 683, 540, 702]
412 -> [849, 66, 466, 405, 517, 184, 843, 156, 476, 572]
413 -> [944, 324, 164, 294, 998, 41, 77, 686]
414 -> [306, 419, 292, 836, 165, 741, 647, 488, 477, 303, 927]
415 -> [737, 593, 148, 25, 697, 490]
416 -> [640, 424, 73, 905, 297, 427, 125]
417 -> [641, 999, 138, 683, 596, 245, 407, 25, 411, 828, 189, 734, 990]
418 -> [354, 647, 823, 328, 715, 972, 909]
419 -> [532, 838, 216, 763, 748, 524, 414, 239]
420 -> [160, 834, 450, 330, 237, 206, 751, 815, 213, 85, 694, 23, 311, 731, 831]
421 -> [736, 592, 995, 150, 104, 521, 170, 30, 223, 703]
422 -> [753, 245, 502, 950, 664, 840, 953, 874, 139, 108, 93, 254]
423 -> [897, 866, 710, 362, 203, 844, 846, 304, 656, 561, 274, 851, 947, 853, 349, 637]
424 -> [416, 817, 770, 325, 23, 799]
425 -> [880, 545, 306, 643, 260, 279, 952, 313, 234, 107, 60, 862]
426 -> [227, 195, 101, 679, 171, 718, 755, 499, 852, 568, 921, 505, 378, 538, 91, 189]
427 -> [416, 384, 865, 835, 579, 996, 870, 584, 457, 11, 333, 494, 916, 310, 382]
428 -> [18, 115, 707, 228, 724, 340, 518, 839, 137, 154, 459, 28]
429 -> [352, 992, 1, 450, 258, 836, 934, 393, 585, 144, 657, 977, 824, 347, 637, 895]
430 -> [752, 177, 38, 55, 265, 137, 953, 300, 908, 620, 574]
431 -> [867, 836, 550, 168, 622, 206, 819, 52, 309, 502, 822, 858, 154, 221]
432 -> [912, 817, 501, 102, 70, 663, 376, 810, 812, 349, 158]
433 -> [800, 592, 688, 898, 853, 983, 71, 120, 298, 236, 589, 286]
434 -> [929, 323, 564, 933, 185, 970, 27, 92, 300, 236, 700, 510]
435 -> [656, 640, 49, 259, 296, 568, 42, 941, 30, 31]
436 -> [689, 19, 629, 472, 41, 330, 586, 186, 955, 284, 957, 607]
437 -> [51, 308, 662, 470, 870, 872, 138, 207]
438 -> [305, 673, 609, 212]
439 -> [97, 898, 229, 534, 55, 921, 171, 780, 876, 559]
440 -> [81, 850, 934, 392, 841, 266, 493]
441 -> [48, 466, 756, 22, 631, 744, 507, 622, 702]
442 -> [896, 658, 309, 906, 539, 715, 188, 366]
443 -> [560, 448, 406, 662, 151, 122, 143]
444 -> [723, 627, 739, 339, 341, 102, 695, 840, 171]
445 -> [742, 264, 776, 953, 571, 365, 221, 334, 319, 271, 175, 111]
446 -> [578, 834, 391, 936, 137, 106, 746, 110, 913, 242, 627, 84, 664]
447 -> [16, 752, 833, 899, 774, 39, 327, 536, 796]
448 -> [704, 624, 608, 21, 789, 134, 679, 935, 136, 682, 443, 285]
449 -> [400, 321, 99, 195, 695, 280, 152, 905]
450 -> [480, 880, 994, 420, 263, 248, 810, 474, 429, 238, 815]
451 -> [338, 82, 149, 965, 278, 375, 585, 602, 732, 558]
452 -> [832, 33, 673, 932, 517, 695, 746, 298, 506]
453 -> [384, 326, 937, 682, 459, 332, 236, 272, 16, 560, 176, 625, 216, 797]
454 -> [592, 275, 915, 789, 534, 487, 135, 875, 476, 28, 125, 654]
455 -> [338, 787, 21, 711, 121, 794, 122, 252]
456 -> [577, 370, 738, 179, 580, 663, 824, 346, 988, 845, 31, 767]
457 -> [673, 641, 101, 490, 427, 209, 210, 659, 467, 691, 214, 632, 508, 94]
458 -> [932, 39, 939, 587, 494, 334]
459 -> [880, 112, 932, 453, 982, 88, 554, 42, 428, 271]
460 -> [20, 260, 709, 837, 358, 74]
461 -> [148, 246, 23, 313, 75, 13, 158]
462 -> [994, 260, 165, 565, 662, 279, 727, 599, 476, 557]
463 -> [739, 52, 952, 153, 266, 91, 655]
464 -> [866, 706, 820, 214, 6, 471, 279, 761, 172, 30]
465 -> [644, 901, 725, 294, 136, 331]
466 -> [513, 965, 441, 618, 412, 141, 317, 93, 606]
467 -> [192, 368, 457, 26]
468 -> [370, 275, 724, 84, 565, 965, 773, 485, 795, 254, 78, 143]
469 -> [802, 547, 611, 116, 583, 504, 344, 383]
470 -> [576, 898, 168, 906, 47, 496, 240, 691, 660, 437, 118, 407, 376, 410, 668, 733]
471 -> [257, 615, 200, 810, 364, 464, 561, 405, 215, 124, 604, 862, 895]
472 -> [436, 200, 313, 842, 395, 301, 670, 207, 143]
473 -> [968, 377, 554, 266, 924]
474 -> [450, 163, 979, 596, 934, 858, 507, 156, 972, 716]
475 -> [864, 113, 593, 802, 949, 811, 76, 638, 862]
476 -> [528, 625, 197, 454, 326, 215, 587, 412, 717, 462]
477 -> [771, 996, 615, 826, 604, 414, 623, 895]
478 -> [688, 518, 151, 891, 571, 668]
479 -> [530, 403, 100, 887, 827, 317, 766, 350]
480 -> [816, 705, 450, 132, 971, 76, 332, 303]
481 -> [608, 593, 19, 116, 235, 94, 30, 719]
482 -> [256, 897, 659, 675, 740, 405, 871, 253, 238]
483 -> [800, 65, 513, 226, 659, 931, 916, 197, 872, 570, 79]
484 -> [66, 551, 714, 140, 109, 948, 150, 854, 951, 155, 220, 509, 958, 671]
485 -> [897, 529, 514, 468, 181, 309, 968, 505, 683]
486 -> [306, 68, 581, 646, 284, 220, 831]
487 -> [546, 530, 196, 356, 454, 983, 857, 107]
488 -> [643, 389, 360, 858, 414]
489 -> [930, 964, 901, 998, 526, 337, 81, 370, 372, 116, 949, 281, 538, 699]
490 -> [0, 706, 516, 601, 457, 953, 570, 747, 795, 75, 30, 415]
491 -> [864, 849, 977, 195, 787, 101, 37, 666, 747, 892]
492 -> [308, 725, 360, 361, 874, 74, 987, 29, 349, 95]
493 -> [864, 836, 149, 440, 380, 926]
494 -> [306, 806, 73, 458, 314, 427, 667, 703]
495 -> [352, 960, 553, 508, 540]
496 -> [470, 937, 380, 732]
497 -> [931, 19, 5, 694, 390, 824, 281, 315, 846]
498 -> [18, 963, 373, 506, 923, 141]
499 -> [192, 336, 801, 705, 805, 150, 281, 426, 187, 923, 204]
500 -> [388, 917, 663, 570, 332, 141]
501 -> [432, 113, 211, 787, 563, 757, 198, 728, 699, 317]
502 -> [865, 34, 422, 726, 908, 125, 61, 382, 94, 431]
503 -> [641, 835, 227, 916, 997, 618, 250, 572, 382, 606]
504 -> [996, 388, 469, 630, 537, 394, 143]
505 -> [67, 69, 485, 297, 426, 716, 236, 396, 302, 271, 367, 304, 758, 698, 730, 732]
506 -> [0, 498, 930, 147, 452, 580, 725, 376, 9, 620, 207]
507 -> [896, 512, 615, 441, 761, 474, 635]
508 -> [289, 66, 326, 774, 872, 457, 523, 107, 526, 495, 209, 145, 979, 957]
509 -> [402, 484, 598, 678, 984, 792, 393, 554, 555, 653, 558, 863]
510 -> [897, 434, 259, 742, 824, 218, 202, 765]
511 -> [561, 385, 242, 4, 185, 299, 843, 973, 30, 798, 879, 111]
512 -> [0, 176, 997, 918, 951, 872, 633, 187, 507, 142, 895]
513 -> [81, 466, 483, 696, 72, 682, 268, 814, 655]
514 -> [994, 546, 595, 3, 485, 265, 670]
515 -> [212, 21, 809, 828, 764, 44]
516 -> [624, 897, 490, 28, 222]
517 -> [242, 452, 741, 57, 345, 139, 412]
518 -> [280, 428, 76, 574, 478, 63, 351]
519 -> [113, 642, 178, 741, 711, 827, 779, 253, 13, 15]
520 -> [742, 55, 407, 232, 26, 956, 236, 748, 334]
521 -> [421, 204, 365, 157, 991]
522 -> [1, 375, 89, 907]
523 -> [865, 770, 100, 712, 780, 301, 110, 881, 755, 84, 885, 888, 508]
524 -> [97, 323, 419, 212, 276, 985, 185, 650, 75, 892]
525 -> [640, 97, 737, 978, 34, 246, 812, 220, 637, 846, 718, 47]
526 -> [0, 96, 705, 130, 884, 20, 149, 905, 953, 489, 508, 670]
527 -> [870, 118, 55, 391, 713, 45, 878]
528 -> [626, 290, 546, 791, 327, 920, 616, 808, 603, 476, 751]
529 -> [548, 773, 485, 709, 198, 10, 299, 45, 784, 976, 754, 531, 724, 982, 860, 862, 926]
530 -> [208, 193, 673, 739, 229, 998, 583, 487, 648, 620, 479]
531 -> [288, 529, 403, 291, 979, 132, 262, 875, 893, 271]
532 -> [321, 419, 771, 838, 104, 632, 170, 187, 731, 155, 251, 31]
533 -> [656, 944, 658, 83, 675, 38, 764, 109, 942]
534 -> [146, 339, 997, 454, 439, 376, 840, 361, 667, 221]
535 -> [592, 357, 854, 167, 120, 584, 394, 751, 223]
536 -> [864, 690, 3, 804, 935, 983, 27, 447]
537 -> [561, 291, 504, 909, 767, 863, 943, 175]
538 -> [35, 675, 101, 6, 728, 408, 361, 489, 218, 426]
539 -> [884, 806, 872, 953, 442, 701, 158]
540 -> [130, 819, 884, 7, 411, 811, 572, 13, 157, 495]
541 -> [644, 869, 951, 856, 361, 985, 314]
542 -> [848, 308, 873]
543 -> [96, 273, 689, 148, 741, 407, 136, 604, 732]
544 -> [404, 245, 247, 842, 203, 189, 958, 847]
545 -> [387, 997, 425, 233, 382, 127]
546 -> [528, 848, 514, 611, 84, 980, 487, 312, 330, 43, 143]
547 -> [401, 849, 2, 562, 20, 820, 469, 697, 206, 606]
548 -> [529, 693, 920, 14, 95]
549 -> [608, 33, 178, 884, 215, 871, 760, 858, 636, 766, 846]
550 -> [561, 977, 774, 38, 710, 343, 24, 969, 684, 988, 431]
551 -> [0, 289, 594, 818, 484, 293, 950, 346, 941, 253]
552 -> [742, 9, 266, 187, 908, 191]
553 -> [192, 897, 610, 130, 389, 684, 495, 240, 820, 408, 27, 796, 253, 990]
554 -> [66, 163, 740, 293, 295, 459, 976, 786, 373, 23, 823, 473, 509]
555 -> [36, 138, 203, 589, 847, 975, 623, 849, 146, 246, 567, 26, 509]
556 -> [34, 181, 757, 678, 6, 777, 283, 380, 701, 63, 111]
557 -> [897, 629, 968, 267, 877, 157, 366, 462]
558 -> [656, 451, 356, 981, 405, 279, 151, 237, 637, 749, 509, 975]
559 -> [960, 129, 115, 339, 823, 439, 792, 121, 399, 607]
560 -> [386, 18, 867, 228, 453, 183, 906, 698, 443, 731, 910]
561 -> [225, 578, 386, 387, 132, 550, 423, 715, 909, 592, 209, 946, 691, 628, 471, 23, 664, 537, 825, 511]
562 -> [547, 932, 5, 869, 647, 745]
563 -> [195, 789, 741, 165, 501, 937, 75, 28, 990, 671]
564 -> [624, 337, 1, 434, 835, 411, 717, 397, 654, 207]
565 -> [576, 65, 945, 468, 324, 953, 620, 941, 462, 799, 831]
566 -> [128, 757, 648, 377, 108, 911]
567 -> [257, 929, 682, 938, 555, 621, 976, 881, 571, 699, 379, 155, 316]
568 -> [784, 435, 230, 183, 712, 104, 426, 988, 908, 332, 284]
569 -> [112, 864, 144, 675, 950, 598, 136, 27, 684, 940]
570 -> [736, 338, 882, 483, 500, 357, 490, 219, 285, 943]
571 -> [256, 834, 676, 363, 78, 722, 886, 567, 983, 922, 157, 445, 189, 478]
572 -> [257, 210, 99, 995, 596, 741, 166, 503, 796, 540, 412]
573 -> [804, 932, 11, 139]
574 -> [642, 786, 194, 370, 915, 755, 518, 636, 430, 814]
575 -> [224, 753, 65, 132, 165, 895]
576 -> [721, 565, 470, 40, 24, 747, 157, 109, 862, 382, 846]
577 -> [688, 624, 915, 375, 456, 681, 972]
578 -> [144, 561, 228, 213, 807, 104, 809, 796, 861, 253, 814, 446]
579 -> [609, 69, 999, 202, 586, 427, 204, 845, 654, 942, 945, 883, 989]
580 -> [456, 154, 506, 812, 844]
581 -> [704, 321, 129, 486, 713, 877, 143, 751, 945, 369, 116, 245, 250]
582 -> [816, 820, 949, 314, 890, 810, 123, 46, 110]
583 -> [530, 469, 55, 7, 937, 362, 815]
584 -> [992, 930, 324, 233, 170, 427, 48, 50, 950, 951, 535, 186, 189, 30]
585 -> [832, 706, 451, 932, 246, 984, 235, 829, 429, 653, 799]
586 -> [785, 161, 322, 579, 436, 676, 149, 43, 92, 29]
587 -> [304, 834, 932, 967, 458, 746, 476, 77, 157, 79]
588 -> [258, 164, 180, 118, 297, 682, 218, 907, 940]
589 -> [64, 386, 839, 650, 555, 45, 270, 433, 788, 919, 217, 281, 122, 380, 702, 382, 287]
590 -> [592, 48, 113, 274, 853, 37, 85, 328, 907, 92]
591 -> [306, 756, 149, 27, 972, 669, 654, 207]
592 -> [98, 196, 421, 454, 713, 172, 909, 590, 334, 561, 433, 84, 535, 669, 351]
593 -> [481, 963, 261, 266, 365, 339, 695, 90, 954, 123, 475, 603, 606, 415]
594 -> [178, 551, 407, 43, 812, 797]
595 -> [369, 514, 626, 899, 237]
596 -> [944, 417, 194, 709, 967, 474, 954, 747, 651, 572, 990, 15]
597 -> [385, 305, 957]
598 -> [869, 326, 103, 601, 569, 732, 509, 62]
599 -> [612, 740, 70, 950, 249, 346, 300, 940, 462]
600 -> [23, 920, 9, 971, 940, 140]
601 -> [961, 899, 598, 234, 490, 635, 396, 110]
602 -> [288, 161, 674, 770, 835, 99, 387, 451, 999, 624, 273, 278, 312, 126]
603 -> [528, 593, 131, 293, 37, 69, 392, 206]
604 -> [33, 148, 933, 38, 39, 151, 471, 139, 843, 477, 765, 543]
605 -> [658, 131, 164, 373, 374, 188]
606 -> [96, 610, 98, 547, 806, 134, 202, 139, 142, 593, 466, 628, 981, 503]
607 -> [436, 293, 887, 828, 735, 559]
608 -> [448, 481, 195, 549, 886, 120, 91, 846, 271, 255]
609 -> [960, 819, 579, 292, 198, 438, 680, 104, 172, 876, 717]
610 -> [48, 130, 211, 646, 230, 406, 553, 778, 606]
611 -> [850, 546, 469, 108, 254, 622, 383]
612 -> [36, 838, 279, 599, 298, 955, 141, 127]
613 -> [851, 870, 711, 26, 366, 254, 46]
614 -> [226, 294, 22, 10, 234, 12]
615 -> [342, 471, 235, 507, 875, 989, 477, 765, 895]
616 -> [528, 944, 407, 951, 953, 970, 762, 31]
617 -> [902, 777, 282, 156, 365, 830, 223, 383]
618 -> [97, 263, 871, 974, 334, 335, 466, 242, 628, 853, 822, 503, 635]
619 -> [81, 210, 692, 103, 346, 634, 685, 334]
620 -> [132, 935, 72, 714, 299, 875, 812, 173, 430, 530, 757, 565, 951, 506]
621 -> [625, 738, 212, 245, 358, 295, 567, 809]
622 -> [641, 754, 611, 343, 392, 441, 681, 138, 652, 431]
623 -> [97, 770, 868, 389, 650, 555, 78, 686, 816, 48, 25, 667, 477, 127]
624 -> [448, 897, 577, 516, 295, 72, 395, 301, 15, 816, 564, 248, 376, 602, 63]
625 -> [240, 453, 661, 85, 53, 219, 476, 621]
626 -> [528, 595, 311, 343, 56, 138, 250, 255]
627 -> [706, 370, 212, 677, 950, 859, 444, 892, 205, 318, 446]
628 -> [96, 561, 66, 707, 278, 631, 169, 394, 618, 908, 286, 606]
629 -> [17, 436, 646, 202, 284, 380, 557, 382]
630 -> [673, 291, 504, 105, 683, 955, 637]
631 -> [16, 931, 628, 376, 441, 715, 93, 285, 206, 815]
632 -> [323, 51, 819, 371, 404, 532, 885, 457, 107, 267, 190]
633 -> [928, 192, 512, 979, 212, 838, 634, 13, 910, 95, 799]
634 -> [688, 68, 888, 921, 633, 9, 251, 619]
635 -> [801, 391, 650, 618, 786, 50, 691, 662, 601, 507, 380, 383, 895]
636 -> [145, 930, 787, 931, 325, 549, 407, 74, 381, 574]
637 -> [97, 388, 293, 934, 423, 73, 525, 429, 813, 558, 401, 630, 861, 671, 639]
638 -> [130, 690, 276, 377, 475, 15]
639 -> [722, 403, 919, 871, 298, 827, 13, 637, 173, 62, 319]
640 -> [416, 435, 309, 358, 808, 154, 107, 685, 189, 525, 94]
641 -> [417, 2, 358, 503, 457, 858, 622, 703]
642 -> [322, 835, 821, 519, 807, 328, 683, 380, 350, 574, 15]
643 -> [387, 35, 947, 788, 965, 55, 72, 488, 425, 220]
644 -> [272, 465, 49, 837, 647, 344, 250, 859, 541, 783]
645 -> [129, 775, 137, 988, 109]
646 -> [833, 305, 370, 130, 610, 115, 629, 486, 924, 940, 767, 287]
647 -> [418, 562, 644, 121, 844, 908, 684, 765, 414]
648 -> [530, 50, 566, 791, 167, 792, 954, 106, 987, 251]
649 -> [880, 374, 918, 854, 280, 348, 109, 941, 191]
650 -> [32, 208, 24, 731, 923, 635, 524, 589, 623]
651 -> [128, 49, 353, 66, 596, 196, 888, 249, 666, 923, 189, 926]
652 -> [96, 402, 914, 931, 55, 680, 363, 622, 287]
653 -> [353, 50, 57, 585, 892, 509, 253, 941]
654 -> [96, 579, 564, 374, 454, 727, 697, 830, 591, 319, 239]
655 -> [513, 867, 8, 873, 396, 463]
656 -> [230, 103, 423, 969, 139, 558, 752, 145, 402, 435, 533, 284, 351, 319]
657 -> [932, 820, 261, 998, 746, 429, 159]
658 -> [352, 929, 130, 210, 277, 533, 442, 188, 605]
659 -> [482, 3, 483, 743, 935, 457, 860, 158]
660 -> [880, 241, 226, 692, 470, 666, 187, 827, 813]
661 -> [625, 291, 679, 728, 664, 57, 713, 281, 315]
662 -> [146, 437, 821, 870, 443, 635, 462]
663 -> [880, 432, 195, 500, 357, 456, 234, 973]
664 -> [561, 130, 275, 211, 852, 661, 422, 808, 25, 27, 380, 446]
665 -> [770, 982, 102, 72, 41, 106, 875]
666 -> [372, 660, 231, 839, 72, 491, 651, 348, 237]
667 -> [880, 866, 194, 899, 20, 534, 921, 346, 494, 382, 623]
668 -> [19, 676, 212, 470, 41, 889, 813, 478]
669 -> [240, 592, 977, 290, 949, 263, 72, 808, 889, 939, 159, 591]
670 -> [306, 514, 213, 472, 377, 730, 189, 526, 927]
671 -> [898, 563, 484, 760, 940, 684, 637, 13]
672 -> [674, 82, 915, 218, 138, 75]
673 -> [530, 931, 452, 438, 630, 871, 457, 810, 701, 45]
674 -> [672, 258, 194, 115, 822, 840, 602, 285, 30, 783]
675 -> [978, 482, 180, 533, 325, 742, 887, 569, 538, 971]
676 -> [290, 936, 233, 586, 974, 976, 179, 246, 86, 571, 891, 668, 861]
677 -> [320, 385, 627, 149, 918, 327, 923, 76]
678 -> [402, 5, 341, 710, 934, 855, 556, 717, 509]
679 -> [448, 960, 307, 291, 36, 661, 760, 954, 426, 971, 158, 255]
680 -> [48, 609, 152, 792, 394, 652, 14]
681 -> [577, 133, 154, 987, 28, 382, 622]
682 -> [448, 513, 371, 453, 295, 567, 715, 796, 92, 588, 733, 829]
683 -> [417, 642, 946, 243, 179, 773, 485, 630, 411, 971, 812]
684 -> [693, 709, 550, 806, 919, 647, 728, 553, 569, 702, 47, 671]
685 -> [640, 208, 912, 321, 98, 180, 711, 120, 890, 619]
686 -> [163, 197, 694, 188, 381, 413, 623]
687 -> [992, 83, 260, 357, 92, 397, 879]
688 -> [577, 962, 36, 804, 934, 433, 947, 726, 215, 729, 25, 634, 478]
689 -> [305, 290, 436, 118, 887, 699, 332, 397, 110, 702, 543]
690 -> [897, 967, 536, 201, 89, 61, 638]
691 -> [960, 561, 276, 244, 965, 933, 470, 342, 777, 457, 635]
692 -> [706, 3, 132, 967, 619, 366, 660, 309, 377, 249, 282, 93, 381]
693 -> [548, 373, 43, 684, 718]
694 -> [497, 804, 164, 420, 740, 150, 763, 686, 127, 719]
695 -> [128, 449, 593, 866, 162, 452, 69, 309, 234, 891, 444]
696 -> [304, 513, 131, 904, 25, 765, 173]
697 -> [547, 230, 315, 126, 654, 207, 415]
698 -> [560, 259, 116, 743, 505, 970]
699 -> [802, 391, 489, 717, 718, 689, 945, 501, 567, 728, 794, 860, 863]
700 -> [736, 769, 434, 212, 747, 236, 878, 846, 335, 895]
701 -> [673, 337, 707, 69, 117, 282, 539, 556]
702 -> [240, 689, 710, 441, 411, 684, 589]
703 -> [641, 289, 964, 37, 421, 182, 790, 376, 298, 906, 494]
704 -> [448, 581, 870, 137, 761, 347, 829, 366]
705 -> [480, 81, 771, 499, 742, 72, 250, 731, 109, 526]
706 -> [464, 34, 226, 627, 771, 692, 261, 585, 105, 490, 843, 879]
707 -> [241, 259, 68, 132, 852, 628, 856, 890, 428, 701, 30, 958]
708 -> [274, 402, 996, 104, 942]
709 -> [194, 460, 684, 270, 784, 529, 596, 405, 953, 826, 731, 956, 958]
710 -> [177, 865, 293, 837, 678, 550, 423, 713, 281, 779, 237, 702]
711 -> [272, 613, 455, 519, 296, 44, 685, 925, 62, 878, 158]
712 -> [225, 226, 357, 231, 872, 72, 523, 108, 717, 78, 919, 568, 222]
713 -> [592, 129, 581, 661, 710, 134, 301, 527]
714 -> [865, 34, 484, 410, 394, 139, 620]
715 -> [257, 418, 866, 195, 870, 327, 935, 682, 561, 113, 243, 631, 442, 764, 990]
716 -> [228, 118, 328, 505, 953, 921, 922, 474, 189, 959, 767]
717 -> [832, 609, 737, 965, 678, 712, 40, 873, 877, 564, 183, 409, 795, 699, 476]
718 -> [104, 426, 300, 844, 780, 45, 525, 820, 693, 122, 699, 91, 829, 895]
719 -> [481, 694, 983, 359, 215, 809, 956, 396, 173, 222]
720 -> [786, 920, 346]
721 -> [800, 576, 785, 885, 293, 277, 10, 235, 780, 126, 767, 95]
722 -> [82, 51, 3, 869, 571, 894, 639]
723 -> [34, 851, 9, 444, 332, 46]
724 -> [896, 529, 468, 229, 839, 428, 348, 108, 957, 191]
725 -> [465, 919, 24, 506, 492, 46]
726 -> [688, 771, 502, 888, 217, 271]
727 -> [993, 195, 979, 229, 758, 855, 7, 91, 125, 654, 462, 815]
728 -> [66, 661, 501, 230, 538, 731, 699, 684]
729 -> [32, 688, 368, 82, 339, 905, 826]
730 -> [871, 505, 779, 205, 670]
731 -> [736, 705, 420, 709, 650, 398, 48, 560, 532, 822, 728, 377, 828]
732 -> [496, 34, 451, 36, 949, 598, 505, 74, 955, 543]
733 -> [931, 67, 470, 682, 221]
734 -> [417, 99, 948, 249, 106, 46, 878]
735 -> [320, 281, 607]
736 -> [402, 421, 7, 570, 410, 330, 218, 731, 700, 301]
737 -> [322, 902, 870, 823, 315, 525, 717, 415, 943]
738 -> [151, 456, 25, 970, 380, 621, 286]
739 -> [993, 530, 215, 984, 184, 90, 444, 844, 463]
740 -> [482, 898, 694, 599, 265, 394, 554, 139, 332]
741 -> [960, 353, 225, 517, 837, 519, 12, 563, 887, 791, 826, 572, 30, 414, 543]
742 -> [705, 675, 167, 520, 552, 873, 745, 366, 246, 278, 890, 123, 445, 510]
743 -> [49, 353, 659, 166, 104, 41, 698, 411, 189, 350]
744 -> [885, 297, 441, 957]
745 -> [176, 562, 211, 229, 742, 875, 397, 143]
746 -> [961, 452, 869, 870, 391, 202, 587, 111, 848, 752, 657, 825, 891, 446, 31]
747 -> [576, 962, 327, 490, 810, 491, 940, 239, 306, 596, 700, 958, 351]
748 -> [419, 280, 520, 971]
749 -> [32, 752, 392, 558]
750 -> [340, 294, 297, 61, 863]
751 -> [993, 321, 2, 420, 581, 294, 136, 267, 528, 851, 535, 284, 926]
752 -> [656, 65, 994, 83, 868, 166, 294, 746, 204, 749, 430, 447]
753 -> [803, 916, 422, 406, 936, 575, 975]
754 -> [529, 113, 962, 276, 405, 263, 935, 10, 858, 622, 158]
755 -> [913, 322, 22, 759, 169, 426, 523, 123, 574]
756 -> [928, 130, 67, 198, 441, 765, 591]
757 -> [962, 501, 566, 791, 855, 199, 105, 170, 620, 556]
758 -> [400, 260, 20, 263, 727, 968, 760, 505, 905]
759 -> [225, 83, 755, 99, 291, 356, 774, 790, 376, 57, 842, 365]
760 -> [64, 549, 262, 326, 679, 268, 975, 242, 116, 854, 758, 217, 314, 671]
761 -> [464, 704, 97, 18, 389, 197, 311, 279, 121, 362, 330, 507]
762 -> [616, 841, 57, 122, 142, 191, 895]
763 -> [419, 694, 951, 232, 409, 91, 188, 253, 319]
764 -> [81, 17, 834, 515, 533, 54, 791, 72, 715, 222, 878]
765 -> [145, 323, 756, 647, 615, 696, 56, 265, 204, 604, 510]
766 -> [35, 196, 308, 549, 330, 479]
767 -> [721, 897, 646, 808, 456, 537, 361, 795, 716]
768 -> [896, 162, 218, 362, 780]
769 -> [3, 133, 263, 700, 797, 127]
770 -> [944, 896, 323, 855, 424, 665, 602, 523, 779, 334, 623]
771 -> [288, 321, 705, 706, 243, 996, 532, 726, 279, 331, 956, 477]
772 -> [224, 802, 997, 297, 189, 367]
773 -> [145, 529, 468, 164, 965, 405, 683, 811]
774 -> [960, 550, 759, 313, 827, 508, 447]
775 -> [801, 645, 246, 872, 76]
776 -> [897, 403, 982, 406, 857, 779, 237, 445]
777 -> [818, 834, 691, 965, 182, 103, 617, 556, 13, 783]
778 -> [610, 855, 136, 394, 58]
779 -> [770, 2, 292, 710, 519, 776, 792, 954, 890, 730]
780 -> [768, 721, 389, 439, 120, 523, 925, 942, 718, 255]
781 -> [818, 215, 24, 142]
782 -> [225, 929, 354, 197, 53, 201, 143, 815]
783 -> [674, 644, 840, 792, 937, 777, 186, 234, 986, 124]
784 -> [529, 321, 305, 709, 326, 983, 568, 124, 157, 269, 383]
785 -> [32, 337, 721, 81, 227, 264, 586, 796]
786 -> [720, 400, 834, 373, 22, 554, 635, 45, 941, 574]
787 -> [227, 981, 501, 310, 167, 455, 9, 170, 491, 636, 863, 175]
788 -> [643, 172, 589]
789 -> [448, 563, 454, 230]
790 -> [48, 324, 181, 759, 856, 954, 703]
791 -> [528, 801, 757, 741, 294, 214, 648, 346, 764, 44]
792 -> [961, 977, 882, 34, 648, 680, 249, 779, 509, 783, 559]
793 -> [289, 838, 247, 968, 987, 971, 171, 333, 367]
794 -> [115, 979, 292, 804, 260, 455, 216, 905, 699, 155, 284, 317]
795 -> [803, 468, 276, 214, 490, 717, 237, 30, 47, 767]
796 -> [785, 578, 851, 119, 553, 682, 572, 60, 925, 109, 447]
797 -> [769, 305, 594, 309, 181, 453, 7, 376]
798 -> [403, 915, 91, 188, 511]
799 -> [65, 211, 979, 565, 424, 585, 633, 985, 203]
800 -> [433, 721, 483, 970, 62]
801 -> [256, 197, 775, 499, 244, 885, 341, 182, 246, 791, 635, 155, 829]
802 -> [82, 947, 772, 469, 810, 266, 699, 475, 940]
803 -> [144, 753, 370, 840, 795, 124]
804 -> [688, 694, 135, 536, 794, 299, 573]
805 -> [81, 305, 499, 823, 888, 57, 299]
806 -> [0, 290, 851, 819, 966, 539, 684, 606, 62, 494]
807 -> [578, 642, 403, 965, 165, 313, 345, 239]
808 -> [640, 528, 146, 916, 149, 936, 664, 939, 908, 669, 767]
809 -> [578, 515, 951, 411, 621, 719]
810 -> [432, 673, 241, 146, 802, 450, 22, 582, 471, 295, 747, 349]
811 -> [961, 773, 231, 247, 217, 475, 540]
812 -> [256, 432, 896, 177, 594, 580, 683, 620, 525]
813 -> [912, 929, 850, 660, 181, 72, 668, 637, 926]
814 -> [80, 513, 578, 101, 200, 121, 381, 574]
815 -> [450, 420, 631, 583, 727, 984, 782, 159]
816 -> [480, 624, 914, 68, 582, 159, 623]
817 -> [432, 385, 389, 230, 391, 24, 168, 424, 109, 238]
818 -> [51, 981, 373, 551, 777, 281, 781, 62]
819 -> [609, 289, 806, 632, 540, 124, 431, 239]
820 -> [464, 880, 177, 657, 915, 547, 582, 553, 841, 250, 362, 718]
821 -> [642, 850, 662, 95]
822 -> [81, 674, 884, 618, 731, 223, 431]
823 -> [737, 833, 418, 195, 805, 389, 554, 559, 978, 213, 825, 828, 221, 383]
824 -> [497, 387, 456, 905, 925, 221, 429, 510, 94, 302]
825 -> [561, 273, 403, 212, 823, 746, 92, 77, 845, 110]
826 -> [352, 308, 709, 741, 199, 729, 346, 122, 477, 349, 79]
827 -> [35, 660, 774, 519, 39, 139, 95, 479, 639]
828 -> [417, 515, 885, 823, 154, 314, 731, 91, 269, 607]
829 -> [704, 801, 195, 294, 7, 585, 682, 718, 47, 847, 208, 177, 982, 218]
830 -> [48, 982, 70, 377, 617, 971, 300, 654]
831 -> [944, 931, 420, 565, 486, 936, 221, 111]
832 -> [131, 452, 837, 984, 585, 717]
833 -> [18, 917, 646, 823, 921, 299, 364, 206, 334, 447]
834 -> [963, 420, 900, 777, 587, 847, 879, 786, 403, 121, 123, 571, 764, 924, 446]
835 -> [642, 564, 503, 88, 968, 602, 427, 204, 878]
836 -> [81, 229, 408, 429, 493, 414, 431, 847]
837 -> [832, 308, 644, 293, 885, 741, 710, 889, 201, 460]
838 -> [192, 256, 419, 995, 355, 612, 532, 633, 793, 74]
839 -> [724, 277, 69, 262, 360, 666, 938, 428, 189, 589, 141, 927]
840 -> [962, 674, 803, 227, 245, 534, 422, 408, 892, 444, 783, 47]
841 -> [209, 323, 84, 820, 440, 921, 762, 973, 205]
842 -> [32, 544, 338, 20, 935, 391, 759, 472, 125, 286]
843 -> [706, 165, 6, 329, 604, 412, 511]
844 -> [739, 580, 213, 647, 423, 40, 921, 43, 59, 317, 365, 718]
845 -> [177, 402, 851, 579, 456, 825, 970, 859]
846 -> [576, 608, 549, 38, 263, 423, 907, 525, 302, 78, 497, 154, 892, 700]
847 -> [544, 834, 146, 836, 854, 279, 555, 829, 301]
848 -> [961, 546, 5, 55, 855, 746, 157, 542, 367]
849 -> [896, 992, 162, 547, 104, 907, 555, 491, 83, 373, 409, 412, 30, 383]
850 -> [611, 100, 821, 199, 440, 203, 924, 813]
851 -> [1, 613, 806, 423, 396, 973, 845, 77, 270, 751, 723, 796, 92]
852 -> [707, 52, 664, 233, 426, 235, 366]
853 -> [433, 391, 423, 151, 618, 11, 382, 590]
854 -> [977, 19, 212, 484, 902, 535, 103, 760, 649, 203, 847]
855 -> [848, 770, 259, 884, 757, 678, 727, 778, 284, 397]
856 -> [707, 211, 245, 790, 317, 541]
857 -> [129, 146, 357, 487, 919, 776, 985, 12, 988, 268]
858 -> [641, 754, 549, 488, 474, 332, 334, 431]
859 -> [193, 627, 644, 997, 230, 182, 248, 252, 61, 845, 174]
860 -> [48, 896, 529, 993, 659, 406, 699, 364, 317, 254, 79]
861 -> [578, 146, 676, 902, 266, 989, 637, 142, 207]
862 -> [576, 529, 145, 260, 151, 471, 968, 345, 425, 475, 286, 975]
863 -> [787, 917, 982, 537, 138, 699, 509, 750, 174]
864 -> [400, 919, 103, 536, 569, 250, 475, 491, 972, 493, 943]
865 -> [710, 502, 231, 313, 58, 714, 427, 523]
866 -> [464, 3, 5, 294, 423, 695, 233, 73, 667, 715, 333, 159]
867 -> [560, 179, 316, 253, 655, 431]
868 -> [752, 224, 321, 946, 406, 294, 59, 623]
869 -> [722, 562, 598, 968, 746, 44, 541, 29]
870 -> [704, 737, 242, 613, 437, 662, 216, 746, 427, 715, 78, 527]
871 -> [673, 913, 482, 549, 87, 618, 730, 639]
872 -> [512, 483, 244, 437, 166, 775, 295, 712, 202, 539, 508, 301]
873 -> [742, 934, 155, 717, 542, 655]
874 -> [422, 235, 492, 157, 365, 317]
875 -> [880, 531, 454, 615, 200, 745, 665, 41, 890, 955, 620, 301]
876 -> [609, 950, 439, 105, 109]
877 -> [321, 961, 99, 932, 581, 998, 327, 717, 557, 884, 408, 377, 60]
878 -> [835, 404, 341, 197, 966, 711, 700, 764, 365, 734, 527, 175]
879 -> [706, 834, 995, 135, 74, 222, 511, 687, 927]
880 -> [450, 820, 660, 663, 425, 393, 649, 890, 667, 459, 875]
881 -> [353, 897, 195, 340, 103, 567, 345, 523]
882 -> [101, 792, 297, 57, 570, 266]
883 -> [320, 51, 579, 53]
884 -> [898, 323, 549, 822, 855, 152, 218, 539, 540, 877, 526]
885 -> [721, 801, 98, 837, 200, 744, 632, 347, 523, 828, 366]
886 -> [608, 912, 571]
887 -> [689, 947, 675, 741, 917, 202, 607, 479]
888 -> [931, 805, 726, 134, 311, 73, 634, 971, 523, 651, 140, 334]
889 -> [49, 837, 167, 311, 379, 668, 669, 350]
890 -> [880, 707, 947, 116, 742, 582, 362, 779, 875, 685]
891 -> [17, 913, 67, 676, 21, 695, 746, 27, 44, 478, 399]
892 -> [16, 627, 291, 840, 491, 28, 524, 653, 846, 895]
893 -> [352, 225, 243, 531, 37, 317]
894 -> [976, 370, 722, 115, 19, 211, 259, 106]
895 -> [512, 615, 103, 429, 718, 942, 20, 212, 471, 762, 635, 892, 700, 477, 190, 575]
896 -> [768, 770, 363, 812, 397, 335, 849, 724, 184, 153, 442, 507, 860, 188]
897 -> [482, 516, 132, 485, 423, 776, 553, 557, 624, 881, 690, 982, 951, 314, 347, 510, 767]
898 -> [433, 131, 884, 148, 740, 470, 439, 58, 124, 671]
899 -> [595, 601, 58, 667, 940, 382, 110, 447]
900 -> [834, 82, 403, 243, 277, 102, 377]
901 -> [465, 148, 212, 311, 489, 411]
902 -> [737, 854, 7, 617, 205, 861, 285]
903 -> [160, 343, 347, 395]
904 -> [980, 164, 150, 999, 232, 696, 970]
905 -> [416, 449, 129, 758, 824, 329, 729, 794, 347, 526]
906 -> [560, 928, 291, 373, 470, 442, 703]
907 -> [849, 231, 264, 522, 588, 590, 846, 78]
908 -> [934, 102, 647, 552, 808, 74, 430, 335, 17, 402, 340, 628, 502, 568, 925]
909 -> [592, 561, 257, 418, 258, 537, 44, 383]
910 -> [560, 339, 360, 633, 410, 282, 188, 109, 399, 943]
911 -> [97, 401, 964, 966, 566, 118, 184, 953, 202, 237, 381]
912 -> [432, 306, 886, 7, 119, 154, 685, 813]
913 -> [324, 871, 395, 397, 337, 946, 755, 379, 891, 924, 124, 446, 383]
914 -> [320, 816, 929, 194, 652]
915 -> [272, 672, 577, 258, 820, 454, 248, 574, 798]
916 -> [753, 275, 483, 276, 229, 6, 118, 503, 808, 954, 427]
917 -> [833, 193, 275, 500, 37, 887, 863]
918 -> [80, 512, 677, 342, 649, 154]
919 -> [864, 964, 712, 265, 394, 331, 684, 76, 589, 725, 981, 120, 857, 639]
920 -> [528, 720, 548, 308, 199, 600, 298]
921 -> [833, 439, 216, 841, 634, 426, 122, 314, 667, 844, 716]
922 -> [116, 182, 58, 106, 571, 315, 716]
923 -> [498, 499, 132, 677, 650, 651]
924 -> [240, 913, 850, 834, 4, 981, 646, 473, 331, 397]
925 -> [272, 711, 824, 393, 908, 780, 796]
926 -> [112, 529, 651, 205, 813, 29, 493, 751]
927 -> [225, 839, 235, 670, 414, 879]
928 -> [756, 633, 906, 44, 349]
929 -> [914, 658, 434, 567, 250, 188, 813, 782, 46]
930 -> [196, 312, 584, 489, 185, 506, 410, 636, 157]
931 -> [673, 483, 4, 357, 652, 497, 51, 119, 631, 888, 636, 733, 831]
932 -> [452, 293, 585, 393, 458, 459, 587, 172, 877, 397, 657, 562, 573, 158]
933 -> [434, 691, 277, 361, 203, 604, 255]
934 -> [998, 678, 873, 75, 908, 429, 688, 114, 404, 87, 279, 440, 474, 956, 637]
935 -> [448, 48, 49, 754, 659, 536, 842, 715, 987, 620]
936 -> [753, 35, 676, 213, 326, 808, 955, 446, 831]
937 -> [496, 563, 453, 54, 583, 56, 74, 316, 783]
938 -> [370, 197, 23, 839, 567, 248, 280]
939 -> [67, 20, 103, 808, 458, 669]
940 -> [802, 899, 357, 646, 73, 747, 588, 209, 599, 600, 569, 62, 671]
941 -> [352, 130, 962, 551, 649, 205, 653, 146, 786, 435, 565, 989, 253]
942 -> [306, 579, 708, 533, 968, 8, 780, 957, 895]
943 -> [864, 737, 229, 8, 9, 299, 971, 140, 910, 277, 375, 537, 570]
944 -> [64, 770, 83, 596, 533, 326, 616, 139, 413, 398, 223, 831]
945 -> [976, 579, 963, 565, 581, 150, 203, 699]
946 -> [561, 913, 868, 984, 408, 683, 44]
947 -> [688, 802, 643, 150, 887, 423, 890, 170, 267]
948 -> [240, 355, 484, 950, 317, 734, 398]
949 -> [352, 977, 118, 582, 489, 331, 475, 732, 669, 319]
950 -> [627, 948, 422, 599, 551, 584, 569, 954, 59, 219, 876, 124]
951 -> [512, 897, 132, 484, 584, 616, 809, 620, 371, 249, 763, 348, 541, 157]
952 -> [18, 425, 463]
953 -> [709, 422, 616, 969, 490, 716, 526, 430, 911, 977, 565, 981, 88, 154, 539, 445]
954 -> [326, 679, 648, 779, 593, 916, 596, 117, 790, 950, 279, 154, 91, 347]
955 -> [144, 612, 436, 309, 981, 630, 936, 875, 732, 333, 173]
956 -> [771, 403, 709, 934, 520, 719]
957 -> [384, 390, 744, 168, 107, 268, 300, 942, 724, 436, 597, 313, 508, 383]
958 -> [544, 67, 707, 484, 709, 101, 165, 104, 137, 747, 77, 337, 980, 247]
959 -> [358, 343, 716, 253, 45, 127]
960 -> [609, 691, 741, 341, 774, 679, 231, 559, 495]
961 -> [848, 83, 51, 311, 792, 601, 746, 811, 877]
962 -> [688, 273, 754, 757, 840, 747, 93, 941, 302, 191]
963 -> [593, 17, 945, 498, 834, 68, 5]
964 -> [242, 342, 246, 919, 489, 201, 393, 314, 703, 911]
965 -> [129, 643, 451, 228, 773, 198, 807, 777, 717, 466, 691, 468, 55, 62]
966 -> [274, 194, 980, 806, 71, 56, 328, 218, 298, 204, 878, 911]
967 -> [690, 692, 596, 587, 110]
968 -> [835, 869, 485, 758, 230, 473, 793, 557, 862, 942, 126]
969 -> [656, 372, 550, 953, 266, 286]
970 -> [800, 2, 738, 996, 616, 904, 361, 298, 12, 845, 434, 82, 243, 698]
971 -> [128, 480, 675, 101, 679, 683, 748, 943, 981, 888, 600, 793, 830]
972 -> [864, 577, 418, 5, 215, 391, 89, 986, 474, 315, 591]
973 -> [321, 851, 277, 663, 841, 511]
974 -> [676, 618, 315, 206]
975 -> [753, 402, 326, 760, 555, 862, 558]
976 -> [80, 529, 945, 291, 676, 199, 567, 265, 554, 26, 158, 894]
977 -> [949, 854, 550, 134, 792, 953, 169, 203, 491, 253, 669, 429]
978 -> [675, 101, 21, 823, 525]
979 -> [305, 531, 54, 727, 391, 633, 9, 474, 794, 508, 92, 799]
980 -> [546, 389, 966, 103, 904, 958]
981 -> [384, 103, 971, 558, 818, 787, 276, 406, 919, 953, 955, 924, 606]
982 -> [897, 529, 131, 776, 665, 459, 61, 829, 830, 863]
983 -> [784, 433, 374, 487, 999, 536, 571, 111, 719]
984 -> [832, 273, 946, 739, 293, 86, 585, 76, 509, 815]
985 -> [306, 131, 857, 524, 541, 365, 223, 799]
986 -> [291, 972, 351, 783]
987 -> [357, 53, 935, 648, 72, 793, 681, 106, 492]
988 -> [259, 645, 550, 103, 119, 568, 456, 857, 331]
989 -> [259, 579, 278, 615, 999, 265, 301, 941, 861]
990 -> [417, 563, 596, 553, 26, 715]
991 -> [405, 342, 521, 124, 382]
992 -> [849, 197, 310, 584, 185, 220, 429, 687, 271]
993 -> [739, 372, 727, 407, 376, 73, 330, 860, 751]
994 -> [752, 208, 450, 514, 55, 313, 142, 462]
995 -> [161, 421, 838, 182, 41, 217, 572, 879]
996 -> [176, 771, 708, 504, 970, 427, 477, 350]
997 -> [512, 545, 772, 357, 534, 503, 299, 859]
998 -> [36, 229, 934, 489, 172, 877, 657, 530, 153, 121, 252, 157, 413]
999 -> [417, 579, 983, 328, 904, 602, 170, 315, 989, 255]
