0 -> [96, 1, 98, 3, 38, 39, 42, 75, 76, 15, 16, 53, 86, 23, 55]
1 -> [0, 96, 33, 2, 35, 37, 86, 24, 72, 12, 93]
2 -> [1, 65, 85, 6, 22, 70, 10, 59, 92, 14, 31]
3 -> [0, 16, 64, 67, 4, 52, 5, 57, 73, 26, 93]
4 -> [64, 3, 19, 52, 68, 7, 72, 9, 73, 57, 10, 30]
5 -> [17, 3, 52, 7, 72, 25, 89, 92, 15, 95, 63]
6 -> [64, 2, 54, 86, 38, 24, 10, 75, 91, 14]
7 -> [48, 4, 5, 86, 38, 8, 11, 12, 13, 61, 14, 15]
8 -> [69, 38, 7, 41, 42, 76, 17, 49, 81, 53, 22, 23, 24, 58, 62, 94]
9 -> [49, 35, 67, 4, 90, 13, 61, 94]
10 -> [97, 2, 35, 68, 4, 6, 39, 13, 77, 78, 79, 89, 58, 28, 63]
11 -> [99, 21, 86, 7, 89, 42, 13]
12 -> [1, 97, 34, 66, 69, 7, 42, 78, 79, 17, 19, 83, 20, 86, 87, 62]
13 -> [96, 36, 69, 7, 9, 10, 42, 11, 15, 18, 53, 24, 56, 92, 62, 31]
14 -> [2, 6, 7, 43, 47, 51, 22, 55, 87, 57, 89, 91, 61, 62]
15 -> [0, 33, 51, 5, 7, 89, 57, 59, 44, 13, 77]
16 -> [0, 97, 3, 99, 72, 73, 75, 45, 46, 50, 19, 20, 53, 85, 54, 87, 90, 26, 59, 63]
17 -> [48, 50, 99, 37, 5, 22, 71, 8, 40, 44, 12]
18 -> [67, 53, 38, 86, 71, 58, 91, 13, 95]
19 -> [16, 82, 4, 69, 70, 22, 88, 73, 12, 76]
20 -> [32, 33, 97, 35, 70, 12, 16, 80, 84, 58, 29, 30, 62]
21 -> [33, 69, 90, 11, 47]
22 -> [32, 65, 2, 8, 73, 14, 17, 19, 84, 89, 27, 28, 30, 62, 95]
23 -> [0, 33, 34, 36, 54, 8, 24, 88, 25, 27, 94]
24 -> [33, 1, 34, 69, 6, 70, 8, 72, 13, 48, 86, 23, 87, 88, 26, 30]
25 -> [48, 65, 99, 37, 5, 23, 56, 73, 41, 43, 76, 29]
26 -> [16, 81, 82, 3, 84, 24, 88, 41, 62, 63]
27 -> [34, 22, 23, 55]
28 -> [64, 49, 52, 85, 37, 22, 38, 72, 73, 10, 59, 78]
29 -> [35, 20, 84, 72, 41, 25, 90, 43, 60, 76, 95]
30 -> [97, 20, 4, 22, 24]
31 -> [33, 2, 67, 85, 37, 77, 13]
32 -> [48, 33, 20, 70, 22]
33 -> [32, 65, 1, 98, 37, 15, 49, 51, 20, 21, 23, 24, 57, 59, 31]
34 -> [66, 52, 69, 55, 23, 71, 24, 27, 12, 95]
35 -> [80, 1, 20, 40, 72, 9, 10, 91, 76, 29]
36 -> [97, 84, 69, 23, 43, 13]
37 -> [33, 49, 1, 17, 52, 25, 58, 28, 31]
38 -> [0, 65, 99, 6, 7, 8, 44, 76, 47, 18, 51, 59, 28, 61, 63]
39 -> [0, 49, 81, 87, 55, 74, 10, 77, 93, 79]
40 -> [17, 35, 60, 92, 61]
41 -> [97, 69, 71, 87, 8, 25, 26, 75, 29, 62, 46, 47]
42 -> [0, 55, 72, 8, 11, 75, 12, 13]
43 -> [96, 36, 25, 29, 45, 14, 95]
44 -> [17, 52, 38, 57, 46, 15]
45 -> [16, 66, 99, 74, 43, 79]
46 -> [16, 98, 51, 52, 57, 41, 44, 61, 79, 63]
47 -> [83, 67, 21, 38, 71, 41, 90, 77, 14, 79]
48 -> [32, 17, 81, 68, 54, 7, 24, 56, 25]
49 -> [81, 33, 82, 37, 39, 8, 9, 28]
50 -> [16, 17, 99, 87, 90, 76, 94]
51 -> [33, 69, 70, 38, 14, 46, 15, 83, 87, 58, 90, 61, 63]
52 -> [34, 3, 4, 37, 5, 28, 44, 77, 46, 63]
53 -> [16, 96, 0, 66, 18, 8, 73, 92, 13, 78]
54 -> [16, 48, 6, 86, 23, 73]
55 -> [0, 34, 85, 39, 42, 58, 27, 59, 92, 93, 14]
56 -> [48, 82, 72, 25, 75, 13]
57 -> [96, 33, 66, 3, 67, 4, 44, 14, 46, 15, 85, 62, 94]
58 -> [67, 37, 8, 10, 81, 18, 51, 84, 20, 55, 88, 59, 94, 95, 63]
59 -> [16, 64, 33, 2, 84, 38, 86, 55, 58, 28, 15, 63]
60 -> [64, 40, 29, 78, 94]
61 -> [51, 69, 38, 7, 88, 40, 9, 46, 14]
62 -> [81, 84, 20, 22, 8, 41, 57, 73, 26, 12, 13, 14]
63 -> [16, 99, 51, 52, 5, 38, 26, 10, 58, 59, 46]
64 -> [81, 66, 3, 84, 4, 6, 59, 60, 92, 28, 78, 79]
65 -> [33, 2, 22, 38, 89, 25]
66 -> [64, 96, 34, 53, 57, 12, 45]
67 -> [18, 3, 86, 87, 57, 9, 58, 31, 47]
68 -> [48, 81, 4, 89, 10, 95]
69 -> [34, 36, 8, 41, 12, 13, 77, 51, 19, 21, 24, 91, 61]
70 -> [32, 2, 19, 51, 99, 20, 71, 24]
71 -> [17, 18, 34, 70, 72, 41, 90, 47]
72 -> [16, 1, 35, 83, 4, 5, 71, 56, 24, 42, 28, 29]
73 -> [16, 81, 19, 3, 4, 53, 54, 22, 25, 28, 62]
74 -> [83, 39, 75, 45, 77]
75 -> [0, 16, 6, 86, 56, 41, 42, 74, 79]
76 -> [0, 50, 35, 19, 83, 38, 8, 25, 93, 29, 79]
77 -> [52, 84, 69, 39, 10, 74, 91, 31, 15, 47]
78 -> [64, 53, 86, 89, 10, 12, 60, 92, 28]
79 -> [64, 97, 39, 10, 75, 76, 12, 45, 46, 47]
80 -> [35, 20, 85, 94]
81 -> [64, 48, 49, 68, 39, 8, 73, 58, 26, 92, 62]
82 -> [97, 49, 19, 56, 26, 93]
83 -> [51, 87, 72, 74, 12, 76, 47]
84 -> [64, 36, 20, 22, 58, 26, 59, 77, 29, 62]
85 -> [16, 80, 2, 55, 57, 28, 31]
86 -> [0, 1, 67, 6, 7, 11, 75, 12, 78, 18, 54, 24, 59, 95]
87 -> [97, 67, 39, 41, 12, 14, 16, 50, 51, 83, 24, 91, 94]
88 -> [19, 23, 24, 26, 58, 61, 94]
89 -> [65, 68, 5, 22, 10, 11, 92, 14, 78, 15]
90 -> [16, 50, 51, 21, 71, 9, 29, 95, 47]
91 -> [18, 35, 69, 6, 87, 77, 14, 95]
92 -> [64, 81, 2, 99, 5, 53, 55, 40, 89, 13, 78]
93 -> [97, 1, 82, 3, 55, 39, 76]
94 -> [80, 96, 50, 99, 87, 23, 88, 8, 9, 57, 58, 60]
95 -> [34, 18, 68, 5, 22, 86, 58, 90, 91, 43, 29]
96 -> [0, 1, 97, 66, 53, 57, 43, 13, 94]
97 -> [96, 99, 36, 41, 10, 12, 79, 16, 82, 20, 87, 93, 30]
98 -> [0, 33, 99, 46]
99 -> [97, 98, 38, 70, 11, 45, 16, 17, 50, 25, 92, 94, 63]
